V 51
K 14050350590 ml555_pcie
Y 0
D 0 0 2200 1700
Z 2
i 521
I 521 ML555_Production_REV01:DDR2_VCC1V8 1 630 830 0 1 '
|R 18:27_11-11-05
C 357 5 2 0
I 516 ML555_Production_REV01:DDR2_VCC1V8 1 960 1510 0 1 '
|R 18:27_11-11-05
C 363 2 2 0
I 515 ML555_Production_REV01:DDR2_VREF 1 840 1510 0 1 '
|R 15:37_10-24-05
C 418 2 2 0
N 477
J 1800 1510 2
J 1800 1440 2
S 2 1
N 504
J 1690 1420 1
J 1550 1420 2
S 2 1
L 1600 1420 10 0 3 0 1 0 DM5
N 503
J 1550 1300 2
J 1690 1300 1
S 1 2
L 1600 1300 10 0 3 0 1 0 DM4
N 500
J 1550 1310 2
J 1690 1310 1
S 1 2
L 1600 1310 10 0 3 0 1 0 DQ40
N 501
J 1690 1320 1
J 1550 1320 2
S 2 1
L 1600 1320 10 0 3 0 1 0 DQ41
N 495
J 1690 1410 1
J 1550 1410 2
S 2 1
L 1600 1410 10 0 3 0 1 0 DQ47
N 496
J 1690 1400 1
J 1550 1400 2
S 2 1
L 1600 1400 10 0 3 0 1 0 DQ46
N 497
J 1550 1390 2
J 1690 1390 1
S 1 2
L 1600 1390 10 0 3 0 1 0 DQ45
N 498
J 1690 1380 1
J 1550 1380 2
S 2 1
L 1600 1380 10 0 3 0 1 0 DQ44
N 499
J 1690 1370 1
J 1550 1370 2
S 2 1
L 1600 1370 10 0 3 0 1 0 DQ43
N 281
J 1550 1330 2
J 1580 1330 5
J 1580 1510 2
J 1580 1130 3
J 1550 1130 2
S 5 4
S 2 3
S 4 2
S 1 2
N 307
J 1920 1370 2
J 1920 1280 3
J 1550 1280 2
S 2 1
S 3 2
N 306
J 1830 1260 2
J 1830 1290 3
J 1550 1290 2
S 1 2
S 3 2
N 403
J 1690 1040 1
J 1550 1040 2
S 2 1
L 1600 1040 10 0 3 0 1 0 DQ24
N 404
J 1690 1050 1
J 1550 1050 2
S 2 1
L 1600 1050 10 0 3 0 1 0 DQ25
N 405
J 1550 1060 2
J 1690 1060 1
S 1 2
L 1600 1060 10 0 3 0 1 0 DQ26
N 428
J 1550 1070 2
J 1690 1070 1
S 1 2
L 1600 1070 10 0 3 0 1 0 DQ27
N 427
J 1550 1080 2
J 1690 1080 1
S 1 2
L 1600 1080 10 0 3 0 1 0 DQ28
N 426
J 1550 1090 2
J 1690 1090 1
S 1 2
L 1600 1090 10 0 3 0 1 0 DQ29
N 425
J 1690 1100 1
J 1550 1100 2
S 2 1
L 1600 1100 10 0 3 0 1 0 DQ30
N 424
J 1690 1110 1
J 1550 1110 2
S 2 1
L 1600 1110 10 0 3 0 1 0 DQ31
N 429
J 1550 1120 2
J 1690 1120 1
S 1 2
L 1600 1120 10 0 3 0 1 0 DM3
N 439
J 1550 1140 2
J 1690 1140 1
S 1 2
L 1600 1140 10 0 3 0 1 0 DQ32
N 440
J 1550 1150 2
J 1690 1150 1
S 1 2
L 1600 1150 10 0 3 0 1 0 DQ33
N 442
J 1690 1160 1
J 1550 1160 2
S 2 1
L 1600 1160 10 0 3 0 1 0 DQ34
N 443
J 1690 1170 1
J 1550 1170 2
S 2 1
L 1600 1170 10 0 3 0 1 0 DQ35
N 468
J 1690 1180 1
J 1550 1180 2
S 2 1
L 1600 1180 10 0 3 0 1 0 DQ38
N 470
J 1550 1190 2
J 1690 1190 1
S 1 2
L 1600 1190 10 0 3 0 1 0 DQ37
N 469
J 1550 1200 2
J 1690 1200 1
S 1 2
L 1600 1200 10 0 3 0 1 0 DQ36
N 463
J 1690 1210 1
J 1550 1210 2
S 2 1
L 1600 1210 10 0 3 0 1 0 DQ39
N 423
J 1550 1220 2
J 1690 1220 1
S 1 2
L 1600 1220 10 0 3 0 1 0 DQS3_P
N 430
J 1690 1230 1
J 1550 1230 2
S 2 1
L 1600 1230 10 0 3 0 1 0 DQS3_N
N 406
J 750 1360 1
J 610 1360 2
S 2 1
L 650 1360 10 0 3 0 1 0 DQ18
N 407
J 750 1370 1
J 610 1370 2
S 2 1
L 650 1370 10 0 3 0 1 0 DQ19
N 408
J 610 1380 2
J 750 1380 1
S 1 2
L 650 1380 10 0 3 0 1 0 DQ20
N 409
J 610 1390 2
J 750 1390 1
S 1 2
L 650 1390 10 0 3 0 1 0 DQ21
N 410
J 750 1400 1
J 610 1400 2
S 2 1
L 650 1400 10 0 3 0 1 0 DQ22
N 411
J 750 1410 1
J 610 1410 2
S 2 1
L 650 1410 10 0 3 0 1 0 DQ23
N 412
J 750 1420 1
J 610 1420 2
S 2 1
L 650 1420 10 0 3 0 1 0 DM2
N 402
J 750 1320 1
J 610 1320 2
S 2 1
L 650 1320 10 0 3 0 1 0 DQ17
N 398
J 610 1260 2
J 750 1260 1
S 1 2
L 650 1260 10 0 3 0 1 0 DQS2_P
N 399
J 750 1270 1
J 610 1270 2
S 2 1
L 650 1270 10 0 3 0 1 0 DQS2_N
N 396
J 750 1230 1
J 610 1230 2
S 2 1
L 650 1230 10 0 3 0 1 0 DQS0_N
N 397
J 610 1220 2
J 750 1220 1
S 1 2
L 650 1220 10 0 3 0 1 0 DQS0_P
N 388
J 610 1180 2
J 750 1180 1
S 1 2
L 650 1180 10 0 3 0 1 0 DQ12
N 389
J 750 1190 1
J 610 1190 2
S 2 1
L 650 1190 10 0 3 0 1 0 DQ13
N 390
J 610 1200 2
J 750 1200 1
S 1 2
L 650 1200 10 0 3 0 1 0 DQ14
N 391
J 610 1210 2
J 750 1210 1
S 1 2
L 650 1210 10 0 3 0 1 0 DQ15
N 386
J 610 1240 2
J 750 1240 1
S 1 2
L 650 1240 10 0 3 0 1 0 DQS1_P
N 387
J 750 1250 1
J 610 1250 2
S 2 1
L 650 1250 10 0 3 0 1 0 DQS1_N
N 382
J 610 1140 2
J 750 1140 1
S 1 2
L 650 1140 10 0 3 0 1 0 DQ8
N 383
J 750 1150 1
J 610 1150 2
S 2 1
L 650 1150 10 0 3 0 1 0 DQ9
N 384
J 610 1160 2
J 750 1160 1
S 1 2
L 650 1160 10 0 3 0 1 0 DQ10
N 385
J 610 1170 2
J 750 1170 1
S 1 2
L 650 1170 10 0 3 0 1 0 DQ11
N 381
J 610 1110 2
J 750 1110 1
S 1 2
L 650 1110 10 0 3 0 1 0 DQ7
N 377
J 610 1080 2
J 750 1080 1
S 1 2
L 650 1080 10 0 3 0 1 0 DQ4
N 378
J 610 1090 2
J 750 1090 1
S 1 2
L 650 1090 10 0 3 0 1 0 DQ5
N 379
J 750 1100 1
J 610 1100 2
S 2 1
L 650 1100 10 0 3 0 1 0 DQ6
N 357
J 610 800 2
J 610 790 2
J 640 790 3
J 640 800 5
J 640 830 2
J 640 810 5
J 610 810 2
S 7 6
S 6 5
S 4 6
S 3 4
S 2 3
S 1 4
N 362
J 890 1160 2
J 890 1190 2
S 1 2
N 363
J 970 1440 2
J 970 1510 2
S 1 2
N 367
J 970 1370 2
J 970 1280 3
J 610 1280 2
S 2 1
S 3 2
N 368
J 610 1290 2
J 890 1290 3
J 890 1260 2
S 1 2
S 3 2
I 364 ML555_Production_REV01:GND 1 880 1140 0 1 '
|R 20:19_12-11-03
C 362 1 1 0
N 353
J 1560 820 2
J 1590 820 5
J 1560 810 2
J 1590 810 5
J 1590 800 3
J 1590 840 2
J 1560 800 2
S 1 2
S 4 2
S 3 4
S 5 4
S 2 6
S 7 5
I 349 ML555_Production_REV01:DDR2_VREF 1 1570 1510 0 1 '
|R 15:37_10-24-05
C 281 3 2 0
N 273
J 1830 1190 2
J 1830 1160 2
S 2 1
N 274
J 1920 1440 2
J 1920 1510 2
S 1 2
I 272 ML555_Production_REV01:GND 1 1820 1140 0 1 '
|R 20:19_12-11-03
C 273 2 1 0
I 196 ML555_Production_REV01:CSHEET 1 0 0 0 1 '
|R 15:48_8-9-04
A 1827 128 28 0 6 0 @NAME=ML555_PCIE
A 1332 54 10 0 3 3 AUTHOR=DAVID NAYLOR
A 1652 52 10 0 3 3 @SHEET=21
A 1872 52 15 0 3 3 @DATETIME=9-2-2006_10:39
A 1702 52 10 0 3 3 @SHEETTOTAL=37
N 336
J 610 1040 2
J 750 1040 1
S 1 2
L 650 1040 10 0 3 0 1 0 DQ0
N 337
J 610 1050 2
J 750 1050 1
S 1 2
L 650 1050 10 0 3 0 1 0 DQ1
N 331
J 610 1060 2
J 750 1060 1
S 1 2
L 650 1060 10 0 3 0 1 0 DQ2
N 330
J 750 1070 1
J 610 1070 2
S 2 1
L 650 1070 10 0 3 0 1 0 DQ3
N 380
J 750 1120 1
J 610 1120 2
S 2 1
L 650 1120 10 0 3 0 1 0 DM0
N 394
J 610 1310 2
J 750 1310 1
S 1 2
L 650 1310 10 0 3 0 1 0 DQ16
N 395
J 750 1300 1
J 610 1300 2
S 2 1
L 650 1300 10 0 3 0 1 0 DM1
N 441
J 1550 1240 2
J 1690 1240 1
S 1 2
L 1600 1240 10 0 3 0 1 0 DQS4_P
N 473
J 1690 1250 1
J 1550 1250 2
S 2 1
L 1600 1250 10 0 3 0 1 0 DQS4_N
N 446
J 1550 1260 2
J 1690 1260 1
S 1 2
L 1600 1260 10 0 3 0 1 0 DQS5_P
N 474
J 1690 1270 1
J 1550 1270 2
S 2 1
L 1600 1270 10 0 3 0 1 0 DQS5_N
N 413
J 850 1340 3
J 850 1350 5
J 610 1350 2
J 610 1340 2
J 850 1370 2
S 3 2
L 650 1350 10 0 3 0 1 0 DDR2_DIMM_LB_BANK17
S 2 5
S 1 2
S 4 1
N 418
J 850 1440 2
J 850 1510 2
S 1 2
N 502
J 1550 1360 2
J 1690 1360 1
S 1 2
L 1600 1360 10 0 3 0 1 0 DQ42
N 359
J 610 1130 2
J 640 1130 3
J 640 1510 2
J 640 1330 5
J 610 1330 2
S 1 2
S 2 4
S 5 4
S 4 3
N 475
J 1550 1350 2
J 1800 1350 5
J 1800 1370 2
J 1550 1340 2
J 1800 1340 3
S 1 2
L 1600 1350 10 0 3 0 1 0 DDR2_DIMM_LB_BANK21
S 4 5
S 5 2
S 2 3
N 506
J 610 1430 2
J 750 1430 1
S 1 2
L 650 1430 10 0 3 0 1 0 ODT0
I 267 ML555_Production_REV01:5VLX50TFF1136_17 1 210 940 0 1 '
A 210 930 10 0 3 3 REFDES=U10
C 506 1 40 0
A 565 1430 10 0 3 3 #=AG30
C 412 2 39 0
A 565 1420 10 0 3 3 #=AH29
C 411 2 38 0
A 565 1410 10 0 3 3 #=AH30
C 410 2 37 0
A 565 1400 10 0 3 3 #=AJ30
C 409 1 36 0
A 565 1390 10 0 3 3 #=AF30
C 408 1 35 0
A 565 1380 10 0 3 3 #=AF29
C 407 2 34 0
A 565 1370 10 0 3 3 #=AK31
C 406 2 33 0
A 565 1360 10 0 3 3 #=AJ31
C 413 3 32 0
A 565 1350 10 0 3 3 #=AD29
C 413 4 31 0
A 565 1340 10 0 3 3 #=AE29
C 359 5 30 0
A 565 1330 10 0 3 3 #=AG31
C 402 2 29 0
A 565 1320 10 0 3 3 #=AF31
C 394 1 28 0
A 565 1310 10 0 3 3 #=AC29
C 395 2 27 0
A 565 1300 10 0 3 3 #=AD30
C 368 1 26 0
A 565 1290 10 0 3 3 #=AE31
C 367 3 25 0
A 565 1280 10 0 3 3 #=AD31
C 399 2 24 0
A 565 1270 10 0 3 3 #=AA30
C 398 1 23 0
A 565 1260 10 0 3 3 #=AA29
C 387 2 22 0
A 565 1250 10 0 3 3 #=AC30
C 386 1 21 0
A 565 1240 10 0 3 3 #=AB30
C 396 2 20 0
A 565 1230 10 0 3 3 #=AA31
C 397 1 19 0
A 565 1220 10 0 3 3 #=AB31
C 391 1 18 0
A 565 1210 10 0 3 3 #=Y29
C 390 1 17 0
A 565 1200 10 0 3 3 #=Y28
C 389 2 16 0
A 565 1190 10 0 3 3 #=V29
C 388 1 15 0
A 565 1180 10 0 3 3 #=W29
C 385 1 14 0
A 565 1170 10 0 3 3 #=Y31
C 384 1 13 0
A 565 1160 10 0 3 3 #=W31
C 383 2 12 0
A 565 1150 10 0 3 3 #=V27
C 382 1 11 0
A 565 1140 10 0 3 3 #=V28
C 359 1 10 0
A 565 1130 10 0 3 3 #=W30
C 380 2 9 0
A 565 1120 10 0 3 3 #=V30
C 381 1 8 0
A 565 1110 10 0 3 3 #=W27
C 379 2 7 0
A 565 1100 10 0 3 3 #=Y27
C 378 1 6 0
A 565 1090 10 0 3 3 #=W25
C 377 1 5 0
A 565 1080 10 0 3 3 #=V25
C 330 2 4 0
A 565 1070 10 0 3 3 #=W26
C 331 1 3 0
A 565 1060 10 0 3 3 #=Y26
C 337 1 2 0
A 565 1050 10 0 3 3 #=V24
C 336 1 1 0
A 565 1040 10 0 3 3 #=W24
I 268 ML555_Production_REV01:5VLX50TFF1136_17_POWER 1 210 680 0 1 '
A 210 670 10 0 3 3 REFDES=U10
C 357 7 3 0
A 565 810 10 0 3 3 #=AD33
C 357 1 2 0
A 565 800 10 0 3 3 #=AH31
C 357 2 1 0
A 565 790 10 0 3 3 #=AE30
I 269 ML555_Production_REV01:5VLX50TFF1136_21 1 1150 940 0 1 '
A 1150 930 10 0 3 3 REFDES=U10
X 40 0
A 1505 1430 10 0 3 3 #=AE24
C 504 2 39 0
A 1505 1420 10 0 3 3 #=AD24
C 495 2 38 0
A 1505 1410 10 0 3 3 #=AD25
C 496 2 37 0
A 1505 1400 10 0 3 3 #=AD26
C 497 1 36 0
A 1505 1390 10 0 3 3 #=AC24
C 498 2 35 0
A 1505 1380 10 0 3 3 #=AC25
C 499 2 34 0
A 1505 1370 10 0 3 3 #=AE26
C 502 1 33 0
A 1505 1360 10 0 3 3 #=AE27
C 475 1 32 0
A 1505 1350 10 0 3 3 #=AF26
C 475 4 31 0
A 1505 1340 10 0 3 3 #=AF25
C 281 1 30 0
A 1505 1330 10 0 3 3 #=AG26
C 501 2 29 0
A 1505 1320 10 0 3 3 #=AG27
C 500 1 28 0
A 1505 1310 10 0 3 3 #=AG25
C 503 1 27 0
A 1505 1300 10 0 3 3 #=AF24
C 306 3 26 0
A 1505 1290 10 0 3 3 #=AH25
C 307 3 25 0
A 1505 1280 10 0 3 3 #=AJ25
C 474 2 24 0
A 1505 1270 10 0 3 3 #=AJ26
C 446 1 23 0
A 1505 1260 10 0 3 3 #=AH27
C 473 2 22 0
A 1505 1250 10 0 3 3 #=AK27
C 441 1 21 0
A 1505 1240 10 0 3 3 #=AK28
C 430 2 20 0
A 1505 1230 10 0 3 3 #=AJ29
C 423 1 19 0
A 1505 1220 10 0 3 3 #=AK29
C 463 2 18 0
A 1505 1210 10 0 3 3 #=AJ27
C 469 1 17 0
A 1505 1200 10 0 3 3 #=AK26
C 470 1 16 0
A 1505 1190 10 0 3 3 #=AF28
C 468 2 15 0
A 1505 1180 10 0 3 3 #=AE28
C 443 2 14 0
A 1505 1170 10 0 3 3 #=AH28
C 442 2 13 0
A 1505 1160 10 0 3 3 #=AG28
C 440 1 12 0
A 1505 1150 10 0 3 3 #=AA28
C 439 1 11 0
A 1505 1140 10 0 3 3 #=AB28
C 281 5 10 0
A 1505 1130 10 0 3 3 #=AD27
C 429 1 9 0
A 1505 1120 10 0 3 3 #=AC28
C 424 2 8 0
A 1505 1110 10 0 3 3 #=AB26
C 425 2 7 0
A 1505 1100 10 0 3 3 #=AB25
C 426 1 6 0
A 1505 1090 10 0 3 3 #=AA24
C 427 1 5 0
A 1505 1080 10 0 3 3 #=Y24
C 428 1 4 0
A 1505 1070 10 0 3 3 #=AC27
C 405 1 3 0
A 1505 1060 10 0 3 3 #=AB27
C 404 2 2 0
A 1505 1050 10 0 3 3 #=AA26
C 403 2 1 0
A 1505 1040 10 0 3 3 #=AA25
I 360 ML555_Production_REV01:DDR2_VREF 1 630 1510 0 1 '
|R 15:37_10-24-05
C 359 3 2 0
I 415 ML555_Production_REV01:R0402 1 870 1370 1 1 '
|R 17:16_9-9-04
A 860 1390 10 1 2 3 VALUE=DNA
A 840 1400 10 1 5 3 REFDES=R428
C 418 1 2 0
A 849 1430 10 1 3 3 #=2
C 413 5 1 0
A 849 1384 10 1 9 3 #=1
I 517 ML555_Production_REV01:DDR2_VCC1V8 1 1910 1510 0 1 '
|R 18:27_11-11-05
C 274 2 2 0
I 518 ML555_Production_REV01:DDR2_VREF 1 1790 1510 0 1 '
|R 15:37_10-24-05
C 477 1 2 0
I 476 ML555_Production_REV01:R0402 1 1820 1370 1 1 '
|R 17:16_9-9-04
A 1810 1390 10 1 2 3 VALUE=DNA
A 1790 1400 10 1 5 3 REFDES=R431
C 477 2 2 0
A 1799 1430 10 1 3 3 #=2
C 475 3 1 0
A 1799 1384 10 1 9 3 #=1
I 270 ML555_Production_REV01:5VLX50TFF1136_21_POWER 1 1160 690 0 1 '
A 1160 680 10 0 3 3 REFDES=U10
C 353 1 3 0
A 1515 820 10 0 3 3 #=AL32
C 353 3 2 0
A 1515 810 10 0 3 3 #=AM29
C 353 7 1 0
A 1515 800 10 0 3 3 #=AJ28
I 519 ML555_Production_REV01:DDR2_VCC1V8 1 1580 840 0 1 '
|R 18:27_11-11-05
C 353 6 2 0
I 309 ML555_Production_REV01:R0402 1 1940 1370 1 1 '
|R 17:16_9-9-04
A 1930 1390 10 1 2 3 VALUE=49.9R
A 1910 1400 10 1 5 3 REFDES=R221
C 274 1 2 0
A 1919 1430 10 1 3 3 #=2
C 307 1 1 0
A 1919 1384 10 1 9 3 #=1
I 310 ML555_Production_REV01:R0402 1 1850 1190 1 1 '
|R 17:16_9-9-04
A 1840 1210 10 1 2 3 VALUE=49.9R
A 1820 1220 10 1 5 3 REFDES=R220
C 306 1 2 0
A 1829 1250 10 1 3 3 #=2
C 273 1 1 0
A 1829 1204 10 1 9 3 #=1
I 365 ML555_Production_REV01:R0402 1 990 1370 1 1 '
|R 17:16_9-9-04
A 980 1390 10 1 2 3 VALUE=49.9R
A 960 1400 10 1 5 3 REFDES=R429
C 363 1 2 0
A 969 1430 10 1 3 3 #=2
C 367 1 1 0
A 969 1384 10 1 9 3 #=1
I 366 ML555_Production_REV01:R0402 1 910 1190 1 1 '
|R 17:16_9-9-04
A 900 1210 10 1 2 3 VALUE=49.9R
A 880 1220 10 1 5 3 REFDES=R430
C 368 3 2 0
A 889 1250 10 1 3 3 #=2
C 362 2 1 0
A 889 1204 10 1 9 3 #=1
T 190 1600 20 0 3 CK0:  DQ[31:0]
T 1270 990 30 0 3 Bank21
T 330 990 30 0 3 Bank17
T 190 1570 20 0 3 LOOP LENGTH = SUM (CK0 + DQS0)
T 1540 1600 20 0 3 CK1:  DQ[63:32]
T 1180 1600 20 0 3 CK0:  DQ[31:0]
T 1180 1560 20 0 3 LOOP LENGTH = SUM (CK1 + DQS4)
T 110 80 36 0 3 Banks 17,21 DDR2 SODIMM I/F to Sheet19
E
