V 51
K 234318506700 ml555_pcie
Y 0
D 0 0 2200 1700
Z 2
i 7
I 1 CSHEET 1 0 0 0 1 '
|R 15:48_8-9-04
A 1827 128 28 0 6 0 @NAME=ML555_PCIE
A 1332 54 10 0 3 3 AUTHOR=DAVID NAYLOR
A 1652 52 10 0 3 3 @SHEET=36
A 1872 52 15 0 3 3 @DATETIME=6-8-2006_14:03
A 1702 52 10 0 3 3 @SHEETTOTAL=37
A 2114 89 20 0 5 3 REVISION=E8
l 2 1320 420 1325 420
l 2 1325 420 1325 505
l 2 1350 545 1295 545
l 2 1255 520 1220 520
l 2 1220 520 1220 530
l 2 1220 530 1255 530
l 2 1255 520 1255 495
l 2 1255 530 1255 555
l 2 1255 495 1265 495
l 2 1255 555 1265 555
l 2 1265 495 1265 555
l 2 1320 420 1130 420
l 2 1130 420 1120 435
l 2 1120 435 1100 435
l 2 1100 435 1090 420
l 2 500 355 500 395
l 2 500 435 500 540
l 2 500 395 490 405
l 2 490 405 490 425
l 2 490 425 500 435
l 2 1325 505 1295 505
l 2 1685 1050 1685 580
l 2 1685 580 1320 580
l 2 1325 580 1295 580
l 2 1295 580 1285 580
c 1275 580 10
l 2 1320 1380 1350 1380
l 2 1320 1190 1350 1190
l 2 530 810 560 810
l 2 530 1190 560 1190
T 590 990 16 0 3 MGT Supply
T 600 1170 16 0 3 MGT Supply
T 1130 1320 16 0 3 0.9V DDR2 Vref
l 2 1350 1260 1240 1260
l 2 1240 1260 1240 1320
l 2 1240 1320 1720 1320
l 2 1720 1320 1720 1360
l 2 1810 1330 1820 1340
l 2 1810 1330 1800 1340
l 2 1820 1340 1800 1340
l 2 1810 1340 1810 1360
l 2 1730 1360 1720 1360
l 2 1810 1360 1800 1360
l 2 1800 1360 1790 1350
l 2 1790 1350 1780 1370
l 2 1780 1370 1770 1350
l 2 1770 1350 1760 1370
l 2 1760 1370 1750 1350
l 2 1750 1350 1740 1370
l 2 1740 1370 1730 1360
l 2 1720 1360 1710 1360
l 2 1710 1360 1700 1350
l 2 1700 1350 1690 1370
l 2 1690 1370 1680 1350
l 2 1680 1350 1670 1370
l 2 1670 1370 1660 1350
l 2 1660 1350 1650 1370
l 2 1650 1370 1640 1360
l 2 1640 1360 1620 1360
l 2 1620 1360 1620 1410
l 2 1820 1050 1810 1050
l 2 1810 1050 1680 1050
l 2 1820 500 1580 500
l 2 1820 670 1580 670
l 2 1820 860 1580 860
l 2 1820 1220 1580 1220
l 2 1820 1410 1580 1410
l 2 1285 545 1295 545
l 2 1295 505 1285 505
c 1275 545 10
l 2 990 780 990 810
l 2 990 810 970 810
l 2 890 780 890 810
l 2 890 810 910 810
c 920 810 10
c 960 810 10
T 650 730 16 0 3 6A
T 1440 1170 16 0 3 6A
T 1440 630 16 0 3 5A
T 1440 820 16 0 3 5A
T 660 1020 16 0 3 4A
T 650 1200 16 0 3 4A
l 2 1110 280 1110 360
l 2 500 540 500 780
l 2 500 780 560 780
l 2 1110 780 970 780
l 2 790 780 910 780
l 2 1680 1050 1580 1050
l 2 1110 670 1350 670
l 2 1110 860 1350 860
l 2 1110 360 1110 1410
l 2 1110 1040 1350 1040
l 2 1110 1220 1350 1220
l 2 1110 1410 1350 1410
l 2 320 260 320 330
l 2 320 360 320 1410
l 2 320 1040 560 1040
l 2 320 1220 560 1220
b 1350 980 1580 1110
T 100 95 34 0 3 Voltage Regulator Topology
T 580 1230 16 0 3 AVCCPLL 1.2V
T 580 1050 16 0 3 AVCC 1.0V
T 1390 1220 16 0 3 DDR2_VREF
T 1400 870 16 0 3 VCCO_2V5
T 1380 680 16 0 3 VCCAUX_2V5
T 1390 1410 16 0 3 DDR2_1V8
T 1390 500 16 0 3 VCCINT_1V0
T 240 240 20 0 3 PCI 3.3V@7.6A
Q 5 3 0
l 2 320 1410 560 1410
b 1350 430 1580 560
T 440 330 20 0 3 PCIe 12V@5.5A
Q 5 3 0
T 1040 250 20 0 3 PCI 5V@5.0A
Q 5 3 0
T 430 250 20 0 3 Motherboard PCI Slot/Connector Sources 3.3V and 5V
Q 5 3 0
T 520 370 20 0 3 Motherboard PCIe Slot/Conn. Sources 3.3V and 12V
Q 5 3 0
T 240 330 20 0 3 PCIe 3.3V@3.0A
Q 5 3 0
T 1360 1040 16 0 3 PCI_VCC (3.0V)
b 560 1340 790 1470
T 580 1440 16 0 3 VR5 MAX8556/7
T 570 1410 16 0 3 AVTTTX/RX 1.2V
T 650 1380 16 0 3 4A
T 1440 1000 16 0 3 5A
T 1450 450 16 0 3 6A
T 1440 1350 16 0 3 6A
T 1380 1080 16 0 3 U14 TPS75501
b 1350 800 1580 930
b 1350 610 1580 740
T 1370 900 16 0 3 U13 TPS75501
T 1370 710 16 0 3 U12 TPS75501
T 1380 530 16 0 3 VR4 PTH03000
b 1350 1160 1580 1290
T 1380 1250 16 0 3 VR3 PTH05050
T 580 810 16 0 3 VR1 PTH12000
b 560 710 790 840
T 570 780 16 0 3 PCIe12V=>VCC5
c 920 780 10
c 960 780 10
c 1275 505 10
T 900 810 10 0 3 1
T 970 810 10 0 3 2
T 900 780 10 0 3 3
T 970 780 10 0 3 4
b 1350 1340 1580 1470
T 1380 1440 16 0 3 VR2 PTH05000
T 1840 1400 16 0 3 1.8V DDR2 SODIMM
T 1810 1020 16 0 3 3.0V PCI I/F
T 1830 1210 16 0 3 0.9V DDR2 Vref
T 1830 1040 16 0 3 FPGA Vcco
T 1830 850 16 0 3 FPGA Vcco
T 1830 660 16 0 3 FPGA Vccaux
T 1830 490 16 0 3 FPGA Vccint
T 600 1350 16 0 3 MGT Supply
T 920 830 20 0 3 P18
Q 5 3 0
b 560 1160 790 1290
T 570 1260 16 0 3 VR6 MAX8556/7
b 560 980 790 1110
T 570 1080 16 0 3 VR7 MAX8556/7
T 350 1360 16 0 3 P34 Inhibit
l 2 530 1370 560 1370
l 2 530 1010 560 1010
T 350 800 16 0 3 P4 Inhibit
T 350 1000 16 0 3 P36 Inhibit
T 350 1180 16 0 3 P35 Inhibit
T 1140 1180 16 0 3 P10 Inhibit
T 1140 1370 16 0 3 P17 Inhibit
l 2 320 420 1090 420
T 1295 580 10 0 3 1
T 1305 545 10 4 3 2
T 1295 505 10 0 3 3
T 1165 495 20 0 3 POS-1
Q 5 3 0
b 1235 485 1295 600
T 1165 575 20 0 3 POS-2
Q 5 3 0
T 1145 535 20 0 3 SW8
Q 5 3 0
T 1115 575 20 0 3 PCIe
Q 5 3 0
T 1115 495 20 0 3 PCI
Q 5 3 0
T 830 750 20 0 3 Jumper = on for PCIe
Q 5 3 0
T 830 720 20 0 3 Jumper = off for PCI/PCI-X
Q 5 3 0
E
