V 51
K 14050350590 ml555_pcie
Y 0
D 0 0 2200 1700
Z 2
i 743
N 200
J 480 1320 2
J 610 1320 1
S 1 2
L 500 1320 10 0 3 0 1 0 WE_B
I 657 DDR2_VREF 1 1290 1480 0 1 '
|R 15:37_10-24-05
C 553 23 2 0
I 656 DDR2_VREF 1 990 1480 0 1 '
|R 15:37_10-24-05
C 627 20 2 0
N 654
J 610 810 1
J 480 810 2
S 2 1
L 500 810 10 0 3 0 1 0 BA0
N 562
J 610 1020 1
J 480 1020 2
S 2 1
L 500 1020 10 0 3 0 1 0 A6
N 563
J 610 1050 1
J 480 1050 2
S 2 1
L 500 1050 10 0 3 0 1 0 A5
N 564
J 610 1080 1
J 480 1080 2
S 2 1
L 500 1080 10 0 3 0 1 0 A4
N 565
J 610 1110 1
J 480 1110 2
S 2 1
L 500 1110 10 0 3 0 1 0 A3
N 566
J 610 1140 1
J 480 1140 2
S 2 1
L 500 1140 10 0 3 0 1 0 A2
N 567
J 480 1170 2
J 610 1170 1
S 1 2
L 500 1170 10 0 3 0 1 0 A1
N 423
J 1230 1450 1
J 1100 1450 2
S 2 1
L 1120 1450 10 0 3 0 1 0 DQ0
N 424
J 1230 1420 1
J 1100 1420 2
S 2 1
L 1120 1420 10 0 3 0 1 0 DQ1
N 425
J 1100 1390 2
J 1230 1390 1
S 1 2
L 1120 1390 10 0 3 0 1 0 DQ2
N 426
J 1100 1360 2
J 1230 1360 1
S 1 2
L 1120 1360 10 0 3 0 1 0 DQ3
N 427
J 1100 1330 2
J 1230 1330 1
S 1 2
L 1120 1330 10 0 3 0 1 0 DQ4
N 428
J 1100 1300 2
J 1230 1300 1
S 1 2
L 1120 1300 10 0 3 0 1 0 DQ5
N 429
J 1100 1270 2
J 1230 1270 1
S 1 2
L 1120 1270 10 0 3 0 1 0 DQ6
N 430
J 1100 1240 2
J 1230 1240 1
S 1 2
L 1120 1240 10 0 3 0 1 0 DQ7
N 431
J 1100 1210 2
J 1230 1210 1
S 1 2
L 1120 1210 10 0 3 0 1 0 DQ8
N 432
J 1100 1180 2
J 1230 1180 1
S 1 2
L 1120 1180 10 0 3 0 1 0 DQ9
N 433
J 1230 1150 1
J 1100 1150 2
S 2 1
L 1120 1150 10 0 3 0 1 0 DQ10
N 434
J 1230 1120 1
J 1100 1120 2
S 2 1
L 1120 1120 10 0 3 0 1 0 DQ11
N 435
J 1230 1090 1
J 1100 1090 2
S 2 1
L 1120 1090 10 0 3 0 1 0 DQ12
N 436
J 1230 1060 1
J 1100 1060 2
S 2 1
L 1120 1060 10 0 3 0 1 0 DQ13
N 437
J 1230 1030 1
J 1100 1030 2
S 2 1
L 1120 1030 10 0 3 0 1 0 DQ14
N 438
J 1230 1000 1
J 1100 1000 2
S 2 1
L 1120 1000 10 0 3 0 1 0 DQ15
N 439
J 1100 970 2
J 1230 970 1
S 1 2
L 1120 970 10 0 3 0 1 0 DQ16
N 440
J 1100 940 2
J 1230 940 1
S 1 2
L 1120 940 10 0 3 0 1 0 DQ17
N 441
J 1230 910 1
J 1100 910 2
S 2 1
L 1120 910 10 0 3 0 1 0 DQ18
N 442
J 1230 880 1
J 1100 880 2
S 2 1
L 1120 880 10 0 3 0 1 0 DQ19
N 443
J 1230 850 1
J 1100 850 2
S 2 1
L 1120 850 10 0 3 0 1 0 DQ20
N 444
J 1230 820 1
J 1100 820 2
S 2 1
L 1120 820 10 0 3 0 1 0 DQ21
N 445
J 1230 790 1
J 1100 790 2
S 2 1
L 1120 790 10 0 3 0 1 0 DQ22
N 446
J 1230 760 1
J 1100 760 2
S 2 1
L 1120 760 10 0 3 0 1 0 DQ23
N 447
J 1230 730 1
J 1100 730 2
S 2 1
L 1120 730 10 0 3 0 1 0 DQ24
N 448
J 1230 700 1
J 1100 700 2
S 2 1
L 1120 700 10 0 3 0 1 0 DQ25
N 449
J 1100 670 2
J 1230 670 1
S 1 2
L 1120 670 10 0 3 0 1 0 DQ26
N 450
J 1100 640 2
J 1230 640 1
S 1 2
L 1120 640 10 0 3 0 1 0 DQ27
N 451
J 1100 610 2
J 1230 610 1
S 1 2
L 1120 610 10 0 3 0 1 0 DQ28
N 452
J 1100 580 2
J 1230 580 1
S 1 2
L 1120 580 10 0 3 0 1 0 DQ29
N 453
J 1100 550 2
J 1230 550 1
S 1 2
L 1120 550 10 0 3 0 1 0 DQ30
N 454
J 1100 520 2
J 1230 520 1
S 1 2
L 1120 520 10 0 3 0 1 0 DQ31
N 455
J 1400 1450 2
J 1530 1450 1
S 1 2
L 1420 1450 10 0 3 0 1 0 DQ32
N 456
J 1400 1420 2
J 1530 1420 1
S 1 2
L 1420 1420 10 0 3 0 1 0 DQ33
N 457
J 1530 1390 1
J 1400 1390 2
S 2 1
L 1420 1390 10 0 3 0 1 0 DQ34
N 458
J 1530 1360 1
J 1400 1360 2
S 2 1
L 1420 1360 10 0 3 0 1 0 DQ35
N 459
J 1530 1330 1
J 1400 1330 2
S 2 1
L 1420 1330 10 0 3 0 1 0 DQ36
N 460
J 1530 1300 1
J 1400 1300 2
S 2 1
L 1420 1300 10 0 3 0 1 0 DQ37
N 461
J 1530 1270 1
J 1400 1270 2
S 2 1
L 1420 1270 10 0 3 0 1 0 DQ38
N 462
J 1530 1240 1
J 1400 1240 2
S 2 1
L 1420 1240 10 0 3 0 1 0 DQ39
N 463
J 1530 1210 1
J 1400 1210 2
S 2 1
L 1420 1210 10 0 3 0 1 0 DQ40
N 464
J 1530 1180 1
J 1400 1180 2
S 2 1
L 1420 1180 10 0 3 0 1 0 DQ41
N 465
J 1400 1150 2
J 1530 1150 1
S 1 2
L 1420 1150 10 0 3 0 1 0 DQ42
N 466
J 1400 1120 2
J 1530 1120 1
S 1 2
L 1420 1120 10 0 3 0 1 0 DQ43
N 467
J 1400 1090 2
J 1530 1090 1
S 1 2
L 1420 1090 10 0 3 0 1 0 DQ44
N 468
J 1400 1060 2
J 1530 1060 1
S 1 2
L 1420 1060 10 0 3 0 1 0 DQ45
N 469
J 1400 1030 2
J 1530 1030 1
S 1 2
L 1420 1030 10 0 3 0 1 0 DQ46
N 470
J 1400 1000 2
J 1530 1000 1
S 1 2
L 1420 1000 10 0 3 0 1 0 DQ47
N 471
J 1530 970 1
J 1400 970 2
S 2 1
L 1420 970 10 0 3 0 1 0 DQ48
N 472
J 1530 940 1
J 1400 940 2
S 2 1
L 1420 940 10 0 3 0 1 0 DQ49
N 473
J 1400 910 2
J 1530 910 1
S 1 2
L 1420 910 10 0 3 0 1 0 DQ50
N 474
J 1400 880 2
J 1530 880 1
S 1 2
L 1420 880 10 0 3 0 1 0 DQ51
N 475
J 1400 850 2
J 1530 850 1
S 1 2
L 1420 850 10 0 3 0 1 0 DQ52
N 476
J 1400 820 2
J 1530 820 1
S 1 2
L 1420 820 10 0 3 0 1 0 DQ53
N 477
J 1400 790 2
J 1530 790 1
S 1 2
L 1420 790 10 0 3 0 1 0 DQ54
N 478
J 1400 760 2
J 1530 760 1
S 1 2
L 1420 760 10 0 3 0 1 0 DQ55
N 479
J 1400 730 2
J 1530 730 1
S 1 2
L 1420 730 10 0 3 0 1 0 DQ56
N 480
J 1400 700 2
J 1530 700 1
S 1 2
L 1420 700 10 0 3 0 1 0 DQ57
N 481
J 1530 670 1
J 1400 670 2
S 2 1
L 1420 670 10 0 3 0 1 0 DQ58
N 482
J 1530 640 1
J 1400 640 2
S 2 1
L 1420 640 10 0 3 0 1 0 DQ59
N 483
J 1530 610 1
J 1400 610 2
S 2 1
L 1420 610 10 0 3 0 1 0 DQ60
N 484
J 1530 580 1
J 1400 580 2
S 2 1
L 1420 580 10 0 3 0 1 0 DQ61
N 485
J 1530 550 1
J 1400 550 2
S 2 1
L 1420 550 10 0 3 0 1 0 DQ62
N 486
J 1530 520 1
J 1400 520 2
S 2 1
L 1420 520 10 0 3 0 1 0 DQ63
N 213
J 480 840 2
J 610 840 1
S 1 2
L 500 840 10 0 3 0 1 0 A12
N 214
J 480 870 2
J 610 870 1
S 1 2
L 500 870 10 0 3 0 1 0 A11
N 215
J 480 900 2
J 610 900 1
S 1 2
L 500 900 10 0 3 0 1 0 A10
N 216
J 610 930 1
J 480 930 2
S 2 1
L 500 930 10 0 3 0 1 0 A9
N 217
J 610 960 1
J 480 960 2
S 2 1
L 500 960 10 0 3 0 1 0 A8
N 401
J 610 1380 1
J 480 1380 2
S 2 1
L 500 1380 10 0 3 0 1 0 S0_B
N 403
J 480 1290 2
J 610 1290 1
S 1 2
L 500 1290 10 0 3 0 1 0 RAS_B
N 404
J 480 1260 2
J 610 1260 1
S 1 2
L 500 1260 10 0 3 0 1 0 CAS_B
I 69 CSHEET 1 0 0 0 1 '
|R 15:48_8-9-04
A 1827 128 28 0 6 0 @NAME=ML555_PCIE
A 1332 54 10 0 3 3 AUTHOR=DAVID NAYLOR
A 1652 52 10 0 3 3 @SHEET=20
A 1872 52 15 0 3 3 @DATETIME=5-30-2006_18:44
A 1702 52 10 0 3 3 @SHEETTOTAL=37
N 653
J 610 780 1
J 480 780 2
S 2 1
L 500 780 10 0 3 0 1 0 BA1
N 655
J 480 750 2
J 610 750 1
S 1 2
L 500 750 10 0 3 0 1 0 BA2_NC5
I 555 DDR2_VREF 1 370 1410 0 1 '
|R 15:37_10-24-05
C 661 1 2 0
N 627
J 1030 520 2
J 1000 520 3
J 1030 730 2
J 1030 760 2
J 1030 790 2
J 1030 820 2
J 1030 850 2
J 1030 880 2
J 1030 910 2
J 1030 940 2
J 1030 970 2
J 1030 1240 2
J 1030 1270 2
J 1030 1300 2
J 1030 1330 2
J 1030 1360 2
J 1030 1390 2
J 1030 1420 2
J 1030 1450 2
J 1000 1480 2
J 1000 1450 5
J 1000 1420 5
J 1000 1390 5
J 1000 1360 5
J 1000 1330 5
J 1000 1300 5
J 1000 1270 5
J 1000 1240 5
J 1030 1210 2
J 1000 1210 5
J 1030 1180 2
J 1000 1180 5
J 1030 1150 2
J 1000 1150 5
J 1030 1120 2
J 1000 1120 5
J 1030 1090 2
J 1000 1090 5
J 1030 1060 2
J 1000 1060 5
J 1030 1030 2
J 1000 1030 5
J 1030 1000 2
J 1000 1000 5
J 1000 970 5
J 1000 940 5
J 1000 910 5
J 1000 880 5
J 1000 850 5
J 1000 820 5
J 1000 790 5
J 1000 760 5
J 1000 730 5
J 1030 700 2
J 1000 700 5
J 1030 670 2
J 1000 670 5
J 1030 640 2
J 1000 640 5
J 1030 610 2
J 1000 610 5
J 1030 580 2
J 1000 580 5
J 1000 550 5
J 1030 550 2
S 2 1
S 2 64
S 53 3
S 52 4
S 51 5
S 50 6
S 49 7
S 48 8
S 47 9
S 46 10
S 45 11
S 28 12
S 27 13
S 26 14
S 25 15
S 24 16
S 23 17
S 22 18
S 21 19
S 21 20
S 22 21
S 23 22
S 24 23
S 25 24
S 26 25
S 27 26
S 28 27
S 30 28
S 30 29
S 32 30
S 32 31
S 34 32
S 34 33
S 36 34
S 36 35
S 38 36
S 38 37
S 40 38
S 40 39
S 42 40
S 42 41
S 44 42
S 44 43
S 45 44
S 46 45
S 47 46
S 48 47
S 49 48
S 50 49
S 51 50
S 52 51
S 53 52
S 55 53
S 55 54
S 57 55
S 57 56
S 59 57
S 59 58
S 61 59
S 61 60
S 63 61
S 63 62
S 64 63
S 64 65
N 553
J 1330 520 2
J 1300 520 3
J 1330 550 2
J 1300 550 5
J 1330 580 2
J 1300 580 5
J 1330 610 2
J 1300 610 5
J 1330 640 2
J 1300 640 5
J 1330 670 2
J 1300 670 5
J 1330 700 2
J 1300 700 5
J 1330 1000 2
J 1330 1030 2
J 1330 1060 2
J 1330 1090 2
J 1330 1120 2
J 1330 1150 2
J 1330 1180 2
J 1330 1210 2
J 1300 1480 2
J 1330 1450 2
J 1300 1450 5
J 1330 1420 2
J 1300 1420 5
J 1330 1390 2
J 1300 1390 5
J 1330 1360 2
J 1300 1360 5
J 1330 1330 2
J 1300 1330 5
J 1330 1300 2
J 1300 1300 5
J 1330 1270 2
J 1300 1270 5
J 1330 1240 2
J 1300 1240 5
J 1300 1210 5
J 1300 1180 5
J 1300 1150 5
J 1300 1120 5
J 1300 1090 5
J 1300 1060 5
J 1300 1030 5
J 1300 1000 5
J 1330 970 2
J 1300 970 5
J 1330 940 2
J 1300 940 5
J 1330 910 2
J 1300 910 5
J 1330 880 2
J 1300 880 5
J 1330 850 2
J 1300 850 5
J 1330 820 2
J 1300 820 5
J 1330 790 2
J 1300 790 5
J 1330 760 2
J 1300 760 5
J 1300 730 5
J 1330 730 2
S 2 1
S 2 4
S 4 3
S 4 6
S 6 5
S 6 8
S 8 7
S 8 10
S 10 9
S 10 12
S 12 11
S 12 14
S 14 13
S 14 64
S 47 15
S 46 16
S 45 17
S 44 18
S 43 19
S 42 20
S 41 21
S 40 22
S 25 23
S 25 24
S 27 25
S 27 26
S 29 27
S 29 28
S 31 29
S 31 30
S 33 31
S 33 32
S 35 33
S 35 34
S 37 35
S 37 36
S 39 37
S 39 38
S 40 39
S 41 40
S 42 41
S 43 42
S 44 43
S 45 44
S 46 45
S 47 46
S 49 47
S 49 48
S 51 49
S 51 50
S 53 51
S 53 52
S 55 53
S 55 54
S 57 55
S 57 56
S 59 57
S 59 58
S 61 59
S 61 60
S 63 61
S 63 62
S 64 63
S 64 65
I 201 R0402 1 410 1360 0 1 '
|R 17:16_9-9-04
A 420 1370 10 0 2 3 VALUE=49.9R
A 440 1390 10 0 5 3 REFDES=R194
C 401 2 2 0
A 470 1381 10 0 3 3 #=2
C 661 41 1 0
A 424 1381 10 0 9 3 #=1
I 399 R0402 1 410 1300 0 1 '
|R 17:16_9-9-04
A 420 1310 10 0 2 3 VALUE=49.9R
A 440 1330 10 0 5 3 REFDES=R196
C 200 1 2 0
A 470 1321 10 0 3 3 #=2
C 661 2 1 0
A 424 1321 10 0 9 3 #=1
I 400 R0402 1 410 1270 0 1 '
|R 17:16_9-9-04
A 420 1280 10 0 2 3 VALUE=49.9R
A 440 1300 10 0 5 3 REFDES=R197
C 403 1 2 0
A 470 1291 10 0 3 3 #=2
C 661 3 1 0
A 424 1291 10 0 9 3 #=1
I 406 R0402 1 410 1240 0 1 '
|R 17:16_9-9-04
A 420 1250 10 0 2 3 VALUE=49.9R
A 440 1270 10 0 5 3 REFDES=R247
C 404 1 2 0
A 470 1261 10 0 3 3 #=2
C 661 36 1 0
A 424 1261 10 0 9 3 #=1
N 568
J 480 1200 2
J 610 1200 1
S 1 2
L 500 1200 10 0 3 0 1 0 A0
N 561
J 610 990 1
J 480 990 2
S 2 1
L 500 990 10 0 3 0 1 0 A7
I 664 R0402 1 410 1180 0 1 '
|R 17:16_9-9-04
A 420 1190 10 0 2 3 VALUE=49.9R
A 440 1210 10 0 5 3 REFDES=R177
C 568 1 2 0
A 470 1201 10 0 3 3 #=2
C 661 4 1 0
A 424 1201 10 0 9 3 #=1
I 665 R0402 1 410 1150 0 1 '
|R 17:16_9-9-04
A 420 1160 10 0 2 3 VALUE=49.9R
A 440 1180 10 0 5 3 REFDES=R178
C 567 1 2 0
A 470 1171 10 0 3 3 #=2
C 661 5 1 0
A 424 1171 10 0 9 3 #=1
I 667 R0402 1 410 1120 0 1 '
|R 17:16_9-9-04
A 420 1130 10 0 2 3 VALUE=49.9R
A 440 1150 10 0 5 3 REFDES=R179
C 566 2 2 0
A 470 1141 10 0 3 3 #=2
C 661 6 1 0
A 424 1141 10 0 9 3 #=1
I 666 R0402 1 410 1090 0 1 '
|R 17:16_9-9-04
A 420 1100 10 0 2 3 VALUE=49.9R
A 440 1120 10 0 5 3 REFDES=R180
C 565 2 2 0
A 470 1111 10 0 3 3 #=2
C 661 7 1 0
A 424 1111 10 0 9 3 #=1
I 671 R0402 1 410 1060 0 1 '
|R 17:16_9-9-04
A 420 1070 10 0 2 3 VALUE=49.9R
A 440 1090 10 0 5 3 REFDES=R181
C 564 2 2 0
A 470 1081 10 0 3 3 #=2
C 661 30 1 0
A 424 1081 10 0 9 3 #=1
I 670 R0402 1 410 1030 0 1 '
|R 17:16_9-9-04
A 420 1040 10 0 2 3 VALUE=49.9R
A 440 1060 10 0 5 3 REFDES=R182
C 563 2 2 0
A 470 1051 10 0 3 3 #=2
C 661 28 1 0
A 424 1051 10 0 9 3 #=1
I 669 R0402 1 410 1000 0 1 '
|R 17:16_9-9-04
A 420 1010 10 0 2 3 VALUE=49.9R
A 440 1030 10 0 5 3 REFDES=R183
C 562 2 2 0
A 470 1021 10 0 3 3 #=2
C 661 26 1 0
A 424 1021 10 0 9 3 #=1
I 668 R0402 1 410 970 0 1 '
|R 17:16_9-9-04
A 420 980 10 0 2 3 VALUE=49.9R
A 440 1000 10 0 5 3 REFDES=R184
C 561 2 2 0
A 470 991 10 0 3 3 #=2
C 661 8 1 0
A 424 991 10 0 9 3 #=1
I 679 R0402 1 410 940 0 1 '
|R 17:16_9-9-04
A 420 950 10 0 2 3 VALUE=49.9R
A 440 970 10 0 5 3 REFDES=R185
C 217 2 2 0
A 470 961 10 0 3 3 #=2
C 661 23 1 0
A 424 961 10 0 9 3 #=1
I 678 R0402 1 410 910 0 1 '
|R 17:16_9-9-04
A 420 920 10 0 2 3 VALUE=49.9R
A 440 940 10 0 5 3 REFDES=R186
C 216 2 2 0
A 470 931 10 0 3 3 #=2
C 661 21 1 0
A 424 931 10 0 9 3 #=1
I 677 R0402 1 410 880 0 1 '
|R 17:16_9-9-04
A 420 890 10 0 2 3 VALUE=49.9R
A 440 910 10 0 5 3 REFDES=R187
C 215 1 2 0
A 470 901 10 0 3 3 #=2
C 661 19 1 0
A 424 901 10 0 9 3 #=1
I 676 R0402 1 410 850 0 1 '
|R 17:16_9-9-04
A 420 860 10 0 2 3 VALUE=49.9R
A 440 880 10 0 5 3 REFDES=R188
C 214 1 2 0
A 470 871 10 0 3 3 #=2
C 661 17 1 0
A 424 871 10 0 9 3 #=1
I 675 R0402 1 410 820 0 1 '
|R 17:16_9-9-04
A 420 830 10 0 2 3 VALUE=49.9R
A 440 850 10 0 5 3 REFDES=R189
C 213 1 2 0
A 470 841 10 0 3 3 #=2
C 661 9 1 0
A 424 841 10 0 9 3 #=1
I 674 R0402 1 410 790 0 1 '
|R 17:16_9-9-04
A 420 800 10 0 2 3 VALUE=49.9R
A 440 820 10 0 5 3 REFDES=R190
C 654 2 2 0
A 470 811 10 0 3 3 #=2
C 661 10 1 0
A 424 811 10 0 9 3 #=1
I 673 R0402 1 410 760 0 1 '
|R 17:16_9-9-04
A 420 770 10 0 2 3 VALUE=49.9R
A 440 790 10 0 5 3 REFDES=R191
C 653 2 2 0
A 470 781 10 0 3 3 #=2
C 661 11 1 0
A 424 781 10 0 9 3 #=1
I 672 R0402 1 410 730 0 1 '
|R 17:16_9-9-04
A 420 740 10 0 2 3 VALUE=49.9R
A 440 760 10 0 5 3 REFDES=R192
C 655 1 2 0
A 470 751 10 0 3 3 #=2
C 661 12 1 0
A 424 751 10 0 9 3 #=1
I 695 R0402 1 1330 500 0 1 '
|R 17:16_9-9-04
A 1340 510 10 0 2 3 VALUE=49.9R
A 1360 530 10 0 5 3 REFDES=R90
C 486 2 2 0
A 1390 521 10 0 3 3 #=2
C 553 1 1 0
A 1344 521 10 0 9 3 #=1
I 694 R0402 1 1330 530 0 1 '
|R 17:16_9-9-04
A 1340 540 10 0 2 3 VALUE=49.9R
A 1360 560 10 0 5 3 REFDES=R91
C 485 2 2 0
A 1390 551 10 0 3 3 #=2
C 553 3 1 0
A 1344 551 10 0 9 3 #=1
I 693 R0402 1 1330 560 0 1 '
|R 17:16_9-9-04
A 1340 570 10 0 2 3 VALUE=49.9R
A 1360 590 10 0 5 3 REFDES=R92
C 484 2 2 0
A 1390 581 10 0 3 3 #=2
C 553 5 1 0
A 1344 581 10 0 9 3 #=1
I 692 R0402 1 1330 590 0 1 '
|R 17:16_9-9-04
A 1340 600 10 0 2 3 VALUE=49.9R
A 1360 620 10 0 5 3 REFDES=R93
C 483 2 2 0
A 1390 611 10 0 3 3 #=2
C 553 7 1 0
A 1344 611 10 0 9 3 #=1
I 691 R0402 1 1330 620 0 1 '
|R 17:16_9-9-04
A 1340 630 10 0 2 3 VALUE=49.9R
A 1360 650 10 0 5 3 REFDES=R94
C 482 2 2 0
A 1390 641 10 0 3 3 #=2
C 553 9 1 0
A 1344 641 10 0 9 3 #=1
I 690 R0402 1 1330 650 0 1 '
|R 17:16_9-9-04
A 1340 660 10 0 2 3 VALUE=49.9R
A 1360 680 10 0 5 3 REFDES=R95
C 481 2 2 0
A 1390 671 10 0 3 3 #=2
C 553 11 1 0
A 1344 671 10 0 9 3 #=1
I 689 R0402 1 1330 680 0 1 '
|R 17:16_9-9-04
A 1340 690 10 0 2 3 VALUE=49.9R
A 1360 710 10 0 5 3 REFDES=R96
C 480 1 2 0
A 1390 701 10 0 3 3 #=2
C 553 13 1 0
A 1344 701 10 0 9 3 #=1
I 688 R0402 1 1330 710 0 1 '
|R 17:16_9-9-04
A 1340 720 10 0 2 3 VALUE=49.9R
A 1360 740 10 0 5 3 REFDES=R97
C 479 1 2 0
A 1390 731 10 0 3 3 #=2
C 553 65 1 0
A 1344 731 10 0 9 3 #=1
I 687 R0402 1 1330 740 0 1 '
|R 17:16_9-9-04
A 1340 750 10 0 2 3 VALUE=49.9R
A 1360 770 10 0 5 3 REFDES=R98
C 478 1 2 0
A 1390 761 10 0 3 3 #=2
C 553 62 1 0
A 1344 761 10 0 9 3 #=1
I 686 R0402 1 1330 770 0 1 '
|R 17:16_9-9-04
A 1340 780 10 0 2 3 VALUE=49.9R
A 1360 800 10 0 5 3 REFDES=R99
C 477 1 2 0
A 1390 791 10 0 3 3 #=2
C 553 60 1 0
A 1344 791 10 0 9 3 #=1
I 685 R0402 1 1330 800 0 1 '
|R 17:16_9-9-04
A 1340 810 10 0 2 3 VALUE=49.9R
A 1360 830 10 0 5 3 REFDES=R100
C 476 1 2 0
A 1390 821 10 0 3 3 #=2
C 553 58 1 0
A 1344 821 10 0 9 3 #=1
I 684 R0402 1 1330 830 0 1 '
|R 17:16_9-9-04
A 1340 840 10 0 2 3 VALUE=49.9R
A 1360 860 10 0 5 3 REFDES=R101
C 475 1 2 0
A 1390 851 10 0 3 3 #=2
C 553 56 1 0
A 1344 851 10 0 9 3 #=1
I 683 R0402 1 1330 860 0 1 '
|R 17:16_9-9-04
A 1340 870 10 0 2 3 VALUE=49.9R
A 1360 890 10 0 5 3 REFDES=R102
C 474 1 2 0
A 1390 881 10 0 3 3 #=2
C 553 54 1 0
A 1344 881 10 0 9 3 #=1
I 682 R0402 1 1330 890 0 1 '
|R 17:16_9-9-04
A 1340 900 10 0 2 3 VALUE=49.9R
A 1360 920 10 0 5 3 REFDES=R103
C 473 1 2 0
A 1390 911 10 0 3 3 #=2
C 553 52 1 0
A 1344 911 10 0 9 3 #=1
I 681 R0402 1 1330 920 0 1 '
|R 17:16_9-9-04
A 1340 930 10 0 2 3 VALUE=49.9R
A 1360 950 10 0 5 3 REFDES=R104
C 472 2 2 0
A 1390 941 10 0 3 3 #=2
C 553 50 1 0
A 1344 941 10 0 9 3 #=1
I 680 R0402 1 1330 950 0 1 '
|R 17:16_9-9-04
A 1340 960 10 0 2 3 VALUE=49.9R
A 1360 980 10 0 5 3 REFDES=R105
C 471 2 2 0
A 1390 971 10 0 3 3 #=2
C 553 48 1 0
A 1344 971 10 0 9 3 #=1
I 711 R0402 1 1330 980 0 1 '
|R 17:16_9-9-04
A 1340 990 10 0 2 3 VALUE=49.9R
A 1360 1010 10 0 5 3 REFDES=R106
C 470 1 2 0
A 1390 1001 10 0 3 3 #=2
C 553 15 1 0
A 1344 1001 10 0 9 3 #=1
I 710 R0402 1 1330 1010 0 1 '
|R 17:16_9-9-04
A 1340 1020 10 0 2 3 VALUE=49.9R
A 1360 1040 10 0 5 3 REFDES=R107
C 469 1 2 0
A 1390 1031 10 0 3 3 #=2
C 553 16 1 0
A 1344 1031 10 0 9 3 #=1
I 709 R0402 1 1330 1040 0 1 '
|R 17:16_9-9-04
A 1340 1050 10 0 2 3 VALUE=49.9R
A 1360 1070 10 0 5 3 REFDES=R108
C 468 1 2 0
A 1390 1061 10 0 3 3 #=2
C 553 17 1 0
A 1344 1061 10 0 9 3 #=1
I 708 R0402 1 1330 1070 0 1 '
|R 17:16_9-9-04
A 1340 1080 10 0 2 3 VALUE=49.9R
A 1360 1100 10 0 5 3 REFDES=R109
C 467 1 2 0
A 1390 1091 10 0 3 3 #=2
C 553 18 1 0
A 1344 1091 10 0 9 3 #=1
I 707 R0402 1 1330 1100 0 1 '
|R 17:16_9-9-04
A 1340 1110 10 0 2 3 VALUE=49.9R
A 1360 1130 10 0 5 3 REFDES=R110
C 466 1 2 0
A 1390 1121 10 0 3 3 #=2
C 553 19 1 0
A 1344 1121 10 0 9 3 #=1
I 706 R0402 1 1330 1130 0 1 '
|R 17:16_9-9-04
A 1340 1140 10 0 2 3 VALUE=49.9R
A 1360 1160 10 0 5 3 REFDES=R111
C 465 1 2 0
A 1390 1151 10 0 3 3 #=2
C 553 20 1 0
A 1344 1151 10 0 9 3 #=1
I 705 R0402 1 1330 1160 0 1 '
|R 17:16_9-9-04
A 1340 1170 10 0 2 3 VALUE=49.9R
A 1360 1190 10 0 5 3 REFDES=R112
C 464 2 2 0
A 1390 1181 10 0 3 3 #=2
C 553 21 1 0
A 1344 1181 10 0 9 3 #=1
I 704 R0402 1 1330 1190 0 1 '
|R 17:16_9-9-04
A 1340 1200 10 0 2 3 VALUE=49.9R
A 1360 1220 10 0 5 3 REFDES=R113
C 463 2 2 0
A 1390 1211 10 0 3 3 #=2
C 553 22 1 0
A 1344 1211 10 0 9 3 #=1
I 703 R0402 1 1330 1220 0 1 '
|R 17:16_9-9-04
A 1340 1230 10 0 2 3 VALUE=49.9R
A 1360 1250 10 0 5 3 REFDES=R114
C 462 2 2 0
A 1390 1241 10 0 3 3 #=2
C 553 38 1 0
A 1344 1241 10 0 9 3 #=1
I 702 R0402 1 1330 1250 0 1 '
|R 17:16_9-9-04
A 1340 1260 10 0 2 3 VALUE=49.9R
A 1360 1280 10 0 5 3 REFDES=R115
C 461 2 2 0
A 1390 1271 10 0 3 3 #=2
C 553 36 1 0
A 1344 1271 10 0 9 3 #=1
I 701 R0402 1 1330 1280 0 1 '
|R 17:16_9-9-04
A 1340 1290 10 0 2 3 VALUE=49.9R
A 1360 1310 10 0 5 3 REFDES=R116
C 460 2 2 0
A 1390 1301 10 0 3 3 #=2
C 553 34 1 0
A 1344 1301 10 0 9 3 #=1
I 700 R0402 1 1330 1310 0 1 '
|R 17:16_9-9-04
A 1340 1320 10 0 2 3 VALUE=49.9R
A 1360 1340 10 0 5 3 REFDES=R117
C 459 2 2 0
A 1390 1331 10 0 3 3 #=2
C 553 32 1 0
A 1344 1331 10 0 9 3 #=1
I 699 R0402 1 1330 1340 0 1 '
|R 17:16_9-9-04
A 1340 1350 10 0 2 3 VALUE=49.9R
A 1360 1370 10 0 5 3 REFDES=R118
C 458 2 2 0
A 1390 1361 10 0 3 3 #=2
C 553 30 1 0
A 1344 1361 10 0 9 3 #=1
I 698 R0402 1 1330 1370 0 1 '
|R 17:16_9-9-04
A 1340 1380 10 0 2 3 VALUE=49.9R
A 1360 1400 10 0 5 3 REFDES=R119
C 457 2 2 0
A 1390 1391 10 0 3 3 #=2
C 553 28 1 0
A 1344 1391 10 0 9 3 #=1
I 697 R0402 1 1330 1400 0 1 '
|R 17:16_9-9-04
A 1340 1410 10 0 2 3 VALUE=49.9R
A 1360 1430 10 0 5 3 REFDES=R120
C 456 1 2 0
A 1390 1421 10 0 3 3 #=2
C 553 26 1 0
A 1344 1421 10 0 9 3 #=1
I 696 R0402 1 1330 1430 0 1 '
|R 17:16_9-9-04
A 1340 1440 10 0 2 3 VALUE=49.9R
A 1360 1460 10 0 5 3 REFDES=R121
C 455 1 2 0
A 1390 1451 10 0 3 3 #=2
C 553 24 1 0
A 1344 1451 10 0 9 3 #=1
I 727 R0402 1 1030 500 0 1 '
|R 17:16_9-9-04
A 1040 510 10 0 2 3 VALUE=49.9R
A 1060 530 10 0 5 3 REFDES=R122
C 454 1 2 0
A 1090 521 10 0 3 3 #=2
C 627 1 1 0
A 1044 521 10 0 9 3 #=1
I 726 R0402 1 1030 530 0 1 '
|R 17:16_9-9-04
A 1040 540 10 0 2 3 VALUE=49.9R
A 1060 560 10 0 5 3 REFDES=R123
C 453 1 2 0
A 1090 551 10 0 3 3 #=2
C 627 65 1 0
A 1044 551 10 0 9 3 #=1
I 725 R0402 1 1030 560 0 1 '
|R 17:16_9-9-04
A 1040 570 10 0 2 3 VALUE=49.9R
A 1060 590 10 0 5 3 REFDES=R124
C 452 1 2 0
A 1090 581 10 0 3 3 #=2
C 627 62 1 0
A 1044 581 10 0 9 3 #=1
I 724 R0402 1 1030 590 0 1 '
|R 17:16_9-9-04
A 1040 600 10 0 2 3 VALUE=49.9R
A 1060 620 10 0 5 3 REFDES=R125
C 451 1 2 0
A 1090 611 10 0 3 3 #=2
C 627 60 1 0
A 1044 611 10 0 9 3 #=1
I 723 R0402 1 1030 620 0 1 '
|R 17:16_9-9-04
A 1040 630 10 0 2 3 VALUE=49.9R
A 1060 650 10 0 5 3 REFDES=R126
C 450 1 2 0
A 1090 641 10 0 3 3 #=2
C 627 58 1 0
A 1044 641 10 0 9 3 #=1
I 722 R0402 1 1030 650 0 1 '
|R 17:16_9-9-04
A 1040 660 10 0 2 3 VALUE=49.9R
A 1060 680 10 0 5 3 REFDES=R127
C 449 1 2 0
A 1090 671 10 0 3 3 #=2
C 627 56 1 0
A 1044 671 10 0 9 3 #=1
I 721 R0402 1 1030 680 0 1 '
|R 17:16_9-9-04
A 1040 690 10 0 2 3 VALUE=49.9R
A 1060 710 10 0 5 3 REFDES=R128
C 448 2 2 0
A 1090 701 10 0 3 3 #=2
C 627 54 1 0
A 1044 701 10 0 9 3 #=1
I 720 R0402 1 1030 710 0 1 '
|R 17:16_9-9-04
A 1040 720 10 0 2 3 VALUE=49.9R
A 1060 740 10 0 5 3 REFDES=R129
C 447 2 2 0
A 1090 731 10 0 3 3 #=2
C 627 3 1 0
A 1044 731 10 0 9 3 #=1
I 719 R0402 1 1030 740 0 1 '
|R 17:16_9-9-04
A 1040 750 10 0 2 3 VALUE=49.9R
A 1060 770 10 0 5 3 REFDES=R130
C 446 2 2 0
A 1090 761 10 0 3 3 #=2
C 627 4 1 0
A 1044 761 10 0 9 3 #=1
I 718 R0402 1 1030 770 0 1 '
|R 17:16_9-9-04
A 1040 780 10 0 2 3 VALUE=49.9R
A 1060 800 10 0 5 3 REFDES=R131
C 445 2 2 0
A 1090 791 10 0 3 3 #=2
C 627 5 1 0
A 1044 791 10 0 9 3 #=1
I 717 R0402 1 1030 800 0 1 '
|R 17:16_9-9-04
A 1040 810 10 0 2 3 VALUE=49.9R
A 1060 830 10 0 5 3 REFDES=R132
C 444 2 2 0
A 1090 821 10 0 3 3 #=2
C 627 6 1 0
A 1044 821 10 0 9 3 #=1
I 716 R0402 1 1030 830 0 1 '
|R 17:16_9-9-04
A 1040 840 10 0 2 3 VALUE=49.9R
A 1060 860 10 0 5 3 REFDES=R133
C 443 2 2 0
A 1090 851 10 0 3 3 #=2
C 627 7 1 0
A 1044 851 10 0 9 3 #=1
I 715 R0402 1 1030 860 0 1 '
|R 17:16_9-9-04
A 1040 870 10 0 2 3 VALUE=49.9R
A 1060 890 10 0 5 3 REFDES=R134
C 442 2 2 0
A 1090 881 10 0 3 3 #=2
C 627 8 1 0
A 1044 881 10 0 9 3 #=1
I 714 R0402 1 1030 890 0 1 '
|R 17:16_9-9-04
A 1040 900 10 0 2 3 VALUE=49.9R
A 1060 920 10 0 5 3 REFDES=R135
C 441 2 2 0
A 1090 911 10 0 3 3 #=2
C 627 9 1 0
A 1044 911 10 0 9 3 #=1
I 713 R0402 1 1030 920 0 1 '
|R 17:16_9-9-04
A 1040 930 10 0 2 3 VALUE=49.9R
A 1060 950 10 0 5 3 REFDES=R136
C 440 1 2 0
A 1090 941 10 0 3 3 #=2
C 627 10 1 0
A 1044 941 10 0 9 3 #=1
I 712 R0402 1 1030 950 0 1 '
|R 17:16_9-9-04
A 1040 960 10 0 2 3 VALUE=49.9R
A 1060 980 10 0 5 3 REFDES=R137
C 439 1 2 0
A 1090 971 10 0 3 3 #=2
C 627 11 1 0
A 1044 971 10 0 9 3 #=1
I 743 R0402 1 1030 980 0 1 '
|R 17:16_9-9-04
A 1040 990 10 0 2 3 VALUE=49.9R
A 1060 1010 10 0 5 3 REFDES=R138
C 438 2 2 0
A 1090 1001 10 0 3 3 #=2
C 627 43 1 0
A 1044 1001 10 0 9 3 #=1
I 742 R0402 1 1030 1010 0 1 '
|R 17:16_9-9-04
A 1040 1020 10 0 2 3 VALUE=49.9R
A 1060 1040 10 0 5 3 REFDES=R139
C 437 2 2 0
A 1090 1031 10 0 3 3 #=2
C 627 41 1 0
A 1044 1031 10 0 9 3 #=1
I 741 R0402 1 1030 1040 0 1 '
|R 17:16_9-9-04
A 1040 1050 10 0 2 3 VALUE=49.9R
A 1060 1070 10 0 5 3 REFDES=R140
C 436 2 2 0
A 1090 1061 10 0 3 3 #=2
C 627 39 1 0
A 1044 1061 10 0 9 3 #=1
I 740 R0402 1 1030 1070 0 1 '
|R 17:16_9-9-04
A 1040 1080 10 0 2 3 VALUE=49.9R
A 1060 1100 10 0 5 3 REFDES=R141
C 435 2 2 0
A 1090 1091 10 0 3 3 #=2
C 627 37 1 0
A 1044 1091 10 0 9 3 #=1
I 739 R0402 1 1030 1100 0 1 '
|R 17:16_9-9-04
A 1040 1110 10 0 2 3 VALUE=49.9R
A 1060 1130 10 0 5 3 REFDES=R142
C 434 2 2 0
A 1090 1121 10 0 3 3 #=2
C 627 35 1 0
A 1044 1121 10 0 9 3 #=1
I 738 R0402 1 1030 1130 0 1 '
|R 17:16_9-9-04
A 1040 1140 10 0 2 3 VALUE=49.9R
A 1060 1160 10 0 5 3 REFDES=R143
C 433 2 2 0
A 1090 1151 10 0 3 3 #=2
C 627 33 1 0
A 1044 1151 10 0 9 3 #=1
I 737 R0402 1 1030 1160 0 1 '
|R 17:16_9-9-04
A 1040 1170 10 0 2 3 VALUE=49.9R
A 1060 1190 10 0 5 3 REFDES=R144
C 432 1 2 0
A 1090 1181 10 0 3 3 #=2
C 627 31 1 0
A 1044 1181 10 0 9 3 #=1
I 736 R0402 1 1030 1190 0 1 '
|R 17:16_9-9-04
A 1040 1200 10 0 2 3 VALUE=49.9R
A 1060 1220 10 0 5 3 REFDES=R145
C 431 1 2 0
A 1090 1211 10 0 3 3 #=2
C 627 29 1 0
A 1044 1211 10 0 9 3 #=1
I 735 R0402 1 1030 1220 0 1 '
|R 17:16_9-9-04
A 1040 1230 10 0 2 3 VALUE=49.9R
A 1060 1250 10 0 5 3 REFDES=R146
C 430 1 2 0
A 1090 1241 10 0 3 3 #=2
C 627 12 1 0
A 1044 1241 10 0 9 3 #=1
I 734 R0402 1 1030 1250 0 1 '
|R 17:16_9-9-04
A 1040 1260 10 0 2 3 VALUE=49.9R
A 1060 1280 10 0 5 3 REFDES=R147
C 429 1 2 0
A 1090 1271 10 0 3 3 #=2
C 627 13 1 0
A 1044 1271 10 0 9 3 #=1
I 733 R0402 1 1030 1280 0 1 '
|R 17:16_9-9-04
A 1040 1290 10 0 2 3 VALUE=49.9R
A 1060 1310 10 0 5 3 REFDES=R148
C 428 1 2 0
A 1090 1301 10 0 3 3 #=2
C 627 14 1 0
A 1044 1301 10 0 9 3 #=1
I 732 R0402 1 1030 1310 0 1 '
|R 17:16_9-9-04
A 1040 1320 10 0 2 3 VALUE=49.9R
A 1060 1340 10 0 5 3 REFDES=R149
C 427 1 2 0
A 1090 1331 10 0 3 3 #=2
C 627 15 1 0
A 1044 1331 10 0 9 3 #=1
I 731 R0402 1 1030 1340 0 1 '
|R 17:16_9-9-04
A 1040 1350 10 0 2 3 VALUE=49.9R
A 1060 1370 10 0 5 3 REFDES=R150
C 426 1 2 0
A 1090 1361 10 0 3 3 #=2
C 627 16 1 0
A 1044 1361 10 0 9 3 #=1
I 730 R0402 1 1030 1370 0 1 '
|R 17:16_9-9-04
A 1040 1380 10 0 2 3 VALUE=49.9R
A 1060 1400 10 0 5 3 REFDES=R151
C 425 1 2 0
A 1090 1391 10 0 3 3 #=2
C 627 17 1 0
A 1044 1391 10 0 9 3 #=1
I 729 R0402 1 1030 1400 0 1 '
|R 17:16_9-9-04
A 1040 1410 10 0 2 3 VALUE=49.9R
A 1060 1430 10 0 5 3 REFDES=R152
C 424 2 2 0
A 1090 1421 10 0 3 3 #=2
C 627 18 1 0
A 1044 1421 10 0 9 3 #=1
I 728 R0402 1 1030 1430 0 1 '
|R 17:16_9-9-04
A 1040 1440 10 0 2 3 VALUE=49.9R
A 1060 1460 10 0 5 3 REFDES=R153
C 423 2 2 0
A 1090 1451 10 0 3 3 #=2
C 627 19 1 0
A 1044 1451 10 0 9 3 #=1
N 661
J 380 1410 2
J 410 1320 2
J 410 1290 2
J 410 1200 2
J 410 1170 2
J 410 1140 2
J 410 1110 2
J 410 990 2
J 410 840 2
J 410 810 2
J 410 780 2
J 410 750 2
J 380 750 3
J 380 780 5
J 380 810 5
J 380 840 5
J 410 870 2
J 380 870 5
J 410 900 2
J 380 900 5
J 410 930 2
J 380 930 5
J 410 960 2
J 380 960 5
J 380 990 5
J 410 1020 2
J 380 1020 5
J 410 1050 2
J 380 1050 5
J 410 1080 2
J 380 1080 5
J 380 1110 5
J 380 1140 5
J 380 1170 5
J 380 1200 5
J 410 1260 2
J 380 1260 5
J 380 1290 5
J 380 1320 5
J 380 1380 5
J 410 1380 2
S 40 1
S 39 2
S 38 3
S 35 4
S 34 5
S 33 6
S 32 7
S 25 8
S 16 9
S 15 10
S 14 11
S 13 12
S 13 14
S 14 15
S 15 16
S 16 18
S 18 17
S 18 20
S 20 19
S 20 22
S 22 21
S 22 24
S 24 23
S 24 25
S 25 27
S 27 26
S 27 29
S 29 28
S 29 31
S 31 30
S 31 32
S 32 33
S 33 34
S 34 35
S 35 37
S 37 36
S 37 38
S 38 39
S 39 40
S 40 41
T 100 90 40 0 3 DDR-2 SODIMM Terminations
T 1090 1510 20 0 3 FPGA End of bus
T 330 1450 20 0 3 SODIMM End of bus
T 900 440 20 0 3 For DQS, FPGA will implement DIFF_SSTL18_II
T 120 690 20 0 3 For DQS, ODT active on the memory module
E
