V 51
K 14050350590 ml555_pcie
Y 0
D 0 0 2200 1700
Z 2
i 1337
N 1336
J 575 1580 2
J 335 1580 1
S 2 1
L 360 1580 10 0 3 0 1 0 GPIO1_H12_IO23_N
N 1337
J 575 1590 2
J 335 1590 1
S 2 1
L 360 1590 10 0 3 0 1 0 GPIO1_J12_IO23_P
N 1332
J 725 1580 2
J 965 1580 1
S 1 2
L 780 1580 10 0 3 0 1 0 GPIO1_K12_IO22_N
N 1287
J 1660 855 2
J 1900 855 1
S 1 2
L 1695 855 10 0 3 0 1 0 GPIO2_AK7_IO3_P
N 1286
J 1900 725 1
J 1660 725 2
S 2 1
L 1695 725 10 0 3 0 1 0 GPIO2_V7_IO10_N
N 1260
J 1270 1590 1
J 1510 1590 2
S 1 2
L 1305 1590 10 0 3 0 1 0 GPIO2_AF13_IO23_P
N 1261
J 1270 1580 1
J 1510 1580 2
S 1 2
L 1305 1580 10 0 3 0 1 0 GPIO2_AG12_IO23_N
N 1258
J 1660 1430 2
J 1900 1430 1
S 1 2
L 1710 1430 10 0 3 0 1 0 GPIO2_AE6_IO14_N
N 1259
J 1660 1440 2
J 1900 1440 1
S 1 2
L 1710 1440 10 0 3 0 1 0 GPIO2_AD6_IO14_P
N 1250
J 1900 1530 1
J 1660 1530 2
S 2 1
L 1710 1530 10 0 3 0 1 0 GPIO2_AB6_IO20_P
N 1251
J 1900 1520 1
J 1660 1520 2
S 2 1
L 1710 1520 10 0 3 0 1 0 GPIO2_AB7_IO20_N
N 1252
J 1900 1500 1
J 1660 1500 2
S 2 1
L 1710 1500 10 0 3 0 1 0 GPIO2_AC7_IO18_P
N 1253
J 1900 1490 1
J 1660 1490 2
S 2 1
L 1710 1490 10 0 3 0 1 0 GPIO2_AD7_IO18_N
N 1242
J 1270 1430 1
J 1510 1430 2
S 1 2
L 1305 1430 10 0 3 0 1 0 GPIO2_Y7_IO15_N
N 1243
J 1270 1440 1
J 1510 1440 2
S 1 2
L 1305 1440 10 0 3 0 1 0 GPIO2_AA6_IO15_P
N 1244
J 1270 1460 1
J 1510 1460 2
S 1 2
L 1305 1460 10 0 3 0 1 0 GPIO2_Y9_IO17_N
N 1245
J 1270 1470 1
J 1510 1470 2
S 1 2
L 1305 1470 10 0 3 0 1 0 GPIO2_Y8_IO17_P
N 1246
J 1270 1490 1
J 1510 1490 2
S 1 2
L 1305 1490 10 0 3 0 1 0 GPIO2_AB5_IO19_N
N 1247
J 1270 1500 1
J 1510 1500 2
S 1 2
L 1305 1500 10 0 3 0 1 0 GPIO2_AA5_IO19_P
N 1248
J 1270 1520 1
J 1510 1520 2
S 1 2
L 1305 1520 10 0 3 0 1 0 GPIO2_AC5_IO21_N
N 1249
J 1270 1530 1
J 1510 1530 2
S 1 2
L 1305 1530 10 0 3 0 1 0 GPIO2_AC4_IO21_P
N 1232
J 1270 1230 1
J 1510 1230 2
S 1 2
L 1305 1230 10 0 3 0 1 0 GPIO2_AJ6_IO5_N
N 1233
J 1270 1240 1
J 1510 1240 2
S 1 2
L 1305 1240 10 0 3 0 1 0 GPIO2_AJ7_IO5_P
N 1234
J 1270 1260 1
J 1510 1260 2
S 1 2
L 1305 1260 10 0 3 0 1 0 GPIO2_AG7_IO7_N
N 1235
J 1270 1270 1
J 1510 1270 2
S 1 2
L 1305 1270 10 0 3 0 1 0 GPIO2_AH7_IO7_P
N 1236
J 1270 1290 1
J 1510 1290 2
S 1 2
L 1305 1290 10 0 3 0 1 0 GPIO2_AG6_IO9_N
N 1237
J 1270 1300 1
J 1510 1300 2
S 1 2
L 1305 1300 10 0 3 0 1 0 GPIO2_AH5_IO9_P
N 1238
J 1270 1320 1
J 1510 1320 2
S 1 2
L 1305 1320 10 0 3 0 1 0 GPIO2_AF5_IO11_N
N 1239
J 1270 1330 1
J 1510 1330 2
S 1 2
L 1305 1330 10 0 3 0 1 0 GPIO2_AG5_IO11_P
N 1240
J 1270 1400 1
J 1510 1400 2
S 1 2
L 1305 1400 10 0 3 0 1 0 GPIO2_Y6_IO13_N
N 1241
J 1270 1410 1
J 1510 1410 2
S 1 2
L 1305 1410 10 0 3 0 1 0 GPIO2_W6_IO13_P
N 1218
J 1900 1200 1
J 1660 1200 2
S 2 1
L 1710 1200 10 0 3 0 1 0 GPIO2_V9_IO2_N
N 1219
J 1900 1210 1
J 1660 1210 2
S 2 1
L 1710 1210 10 0 3 0 1 0 GPIO2_V10_IO2_P
N 1220
J 1660 1230 2
J 1900 1230 1
S 1 2
L 1710 1230 10 0 3 0 1 0 GPIO2_U8_IO4_N
N 1221
J 1660 1240 2
J 1900 1240 1
S 1 2
L 1710 1240 10 0 3 0 1 0 GPIO2_V8_IO4_P
N 1222
J 1660 1260 2
J 1900 1260 1
S 1 2
L 1710 1260 10 0 3 0 1 0 GPIO2_W9_IO6_N
N 1223
J 1660 1270 2
J 1900 1270 1
S 1 2
L 1710 1270 10 0 3 0 1 0 GPIO2_W10_IO6_P
N 1224
J 1660 1290 2
J 1900 1290 1
S 1 2
L 1710 1290 10 0 3 0 1 0 GPIO2_W11_IO8_N
N 1225
J 1660 1300 2
J 1900 1300 1
S 1 2
L 1710 1300 10 0 3 0 1 0 GPIO2_Y11_IO8_P
N 1226
J 1900 1320 1
J 1660 1320 2
S 2 1
L 1710 1320 10 0 3 0 1 0 GPIO2_V7_IO10_N
N 1227
J 1900 1330 1
J 1660 1330 2
S 2 1
L 1710 1330 10 0 3 0 1 0 GPIO2_W7_IO10_P
N 1229
J 1900 1410 1
J 1660 1410 2
S 2 1
L 1710 1410 10 0 3 0 1 0 GPIO2_AE7_IO12_P
N 1208
J 1660 1590 2
J 1900 1590 1
S 1 2
L 1705 1590 10 0 3 0 1 0 GPIO2_AE13_IO22_P
N 1209
J 1660 1580 2
J 1900 1580 1
S 1 2
L 1705 1580 10 0 3 0 1 0 GPIO2_AE12_IO22_N
N 789
J 1510 1420 2
J 1510 1380 2
J 1510 1370 2
J 1510 1360 2
J 1510 1350 2
J 1510 1310 2
J 1510 1280 2
J 1510 1250 2
J 1510 1220 2
J 1510 1190 2
J 1480 1090 2
J 1510 1160 2
J 1480 1160 5
J 1480 1190 5
J 1480 1220 5
J 1480 1250 5
J 1480 1280 5
J 1480 1310 5
J 1480 1350 5
J 1480 1360 5
J 1480 1370 5
J 1480 1380 5
J 1480 1420 5
J 1510 1480 2
J 1510 1540 2
J 1510 1570 2
J 1480 1570 3
J 1480 1540 5
J 1510 1510 2
J 1480 1510 5
J 1480 1480 5
J 1480 1450 5
J 1510 1450 2
S 23 1
S 22 2
S 21 3
S 20 4
S 19 5
S 18 6
S 17 7
S 16 8
S 15 9
S 14 10
S 11 13
S 13 12
S 13 14
S 14 15
S 15 16
S 16 17
S 17 18
S 18 19
S 19 20
S 20 21
S 21 22
S 22 23
S 23 32
S 31 24
S 28 25
S 27 26
S 28 27
S 30 28
S 30 29
S 31 30
S 32 31
S 32 33
N 1204
J 1660 355 2
J 1710 355 3
J 1660 365 2
J 1710 365 5
J 1660 375 2
J 1710 375 5
J 1710 405 2
S 1 2
S 2 4
S 3 4
S 4 6
S 5 6
S 6 7
I 1205 VCC2V5 1 1700 405 0 1 '
C 1204 7 2 0
I 1207 5VLX50TFF1136_18 1 1260 395 0 1 '
A 1260 385 10 0 3 3 REFDES=U10
C 1270 1 40 0
A 1615 885 10 0 3 3 #=V9
C 1271 1 39 0
A 1615 875 10 0 3 3 #=V10
C 1285 1 38 0
A 1615 865 10 0 3 3 #=AK6
C 1287 1 37 0
A 1615 855 10 0 3 3 #=AK7
C 1272 2 36 0
A 1615 845 10 0 3 3 #=U8
C 1273 2 35 0
A 1615 835 10 0 3 3 #=V8
C 1262 2 34 0
A 1615 825 10 0 3 3 #=AJ6
C 1263 2 33 0
A 1615 815 10 0 3 3 #=AJ7
C 1274 2 32 0
A 1615 805 10 0 3 3 #=W9
C 1275 2 31 0
A 1615 795 10 0 3 3 #=W10
C 1264 2 30 0
A 1615 785 10 0 3 3 #=AG7
C 1265 2 29 0
A 1615 775 10 0 3 3 #=AH7
C 1276 2 28 0
A 1615 765 10 0 3 3 #=W11
C 1277 2 27 0
A 1615 755 10 0 3 3 #=Y11
C 1266 2 26 0
A 1615 745 10 0 3 3 #=AG6
C 1267 2 25 0
A 1615 735 10 0 3 3 #=AH5
C 1286 2 24 0
A 1615 725 10 0 3 3 #=V7
C 1279 1 23 0
A 1615 715 10 0 3 3 #=W7
C 1268 2 22 0
A 1615 705 10 0 3 3 #=AF5
C 1269 2 21 0
A 1615 695 10 0 3 3 #=AG5
C 1307 1 20 0
A 1615 685 10 0 3 3 #=AF6
C 1304 1 19 0
A 1615 675 10 0 3 3 #=AE7
C 1302 2 18 0
A 1615 665 10 0 3 3 #=Y6
C 1303 2 17 0
A 1615 655 10 0 3 3 #=W6
C 1288 2 16 0
A 1615 645 10 0 3 3 #=AE6
C 1289 2 15 0
A 1615 635 10 0 3 3 #=AD6
C 1294 2 14 0
A 1615 625 10 0 3 3 #=Y7
C 1295 2 13 0
A 1615 615 10 0 3 3 #=AA6
C 1308 1 12 0
A 1615 605 10 0 3 3 #=AD5
C 1309 1 11 0
A 1615 595 10 0 3 3 #=AD4
C 1296 2 10 0
A 1615 585 10 0 3 3 #=Y9
C 1297 2 9 0
A 1615 575 10 0 3 3 #=Y8
C 1293 1 8 0
A 1615 565 10 0 3 3 #=AD7
C 1292 1 7 0
A 1615 555 10 0 3 3 #=AC7
C 1298 2 6 0
A 1615 545 10 0 3 3 #=AB5
C 1299 2 5 0
A 1615 535 10 0 3 3 #=AA5
C 1291 1 4 0
A 1615 525 10 0 3 3 #=AB7
C 1290 1 3 0
A 1615 515 10 0 3 3 #=AB6
C 1300 2 2 0
A 1615 505 10 0 3 3 #=AC5
C 1301 2 1 0
A 1615 495 10 0 3 3 #=AC4
N 791
J 1660 1190 2
J 1660 1220 2
J 1660 1250 2
J 1660 1280 2
J 1660 1310 2
J 1660 1350 2
J 1660 1360 2
J 1660 1370 2
J 1660 1380 2
J 1660 1420 2
J 1660 1450 2
J 1660 1480 2
J 1660 1510 2
J 1660 1540 2
J 1660 1570 2
J 1690 1570 3
J 1690 1540 5
J 1690 1510 5
J 1690 1480 5
J 1690 1450 5
J 1690 1420 5
J 1690 1380 5
J 1690 1370 5
J 1690 1360 5
J 1690 1350 5
J 1690 1310 5
J 1690 1280 5
J 1690 1250 5
J 1690 1220 5
J 1690 1190 5
J 1660 1160 2
J 1690 1160 5
J 1690 1090 2
S 33 32
S 31 32
S 32 30
S 30 29
S 29 28
S 28 27
S 27 26
S 26 25
S 25 24
S 24 23
S 23 22
S 22 21
S 21 20
S 20 19
S 19 18
S 18 17
S 17 16
S 15 16
S 14 17
S 13 18
S 12 19
S 11 20
S 10 21
S 9 22
S 8 23
S 7 24
S 6 25
S 5 26
S 4 27
S 3 28
S 2 29
S 1 30
N 863
J 1510 1150 2
J 1270 1150 1
S 2 1
L 1305 1150 10 0 3 0 1 0 GPIO2_AF23_IO1_P
N 864
J 1510 1140 2
J 1270 1140 1
S 2 1
L 1305 1140 10 0 3 0 1 0 GPIO2_AG23_IO1_N
N 865
J 1900 1150 1
J 1660 1150 2
S 2 1
L 1710 1150 10 0 3 0 1 0 GPIO2_AE22_IO0_P
N 866
J 1900 1140 1
J 1660 1140 2
S 2 1
L 1710 1140 10 0 3 0 1 0 GPIO2_AE23_IO0_N
N 1183
J 950 640 1
J 710 640 2
S 2 1
L 745 640 10 0 3 0 1 0 GPIO1_F26_IO14_N
N 1156
J 965 1140 1
J 725 1140 2
S 2 1
L 780 1140 10 0 3 0 1 0 GPIO1_K22_IO0_N
N 1153
J 575 1210 2
J 335 1210 1
S 2 1
L 365 1210 10 0 3 0 1 0 GPIO1_P25_IO3_P
N 1154
J 575 1200 2
J 335 1200 1
S 2 1
L 365 1200 10 0 3 0 1 0 GPIO1_N25_IO3_N
N 1152
J 575 1140 2
J 335 1140 1
S 2 1
L 365 1140 10 0 3 0 1 0 GPIO1_H23_IO1_N
N 1126
J 710 350 2
J 760 350 3
J 760 400 2
J 710 370 2
J 760 370 5
J 760 360 5
J 710 360 2
S 1 2
S 2 6
S 5 3
S 4 5
S 6 5
S 7 6
I 1127 VCC2V5 1 750 400 0 1 '
C 1126 3 2 0
N 1020
J 575 1470 2
J 335 1470 1
S 2 1
L 360 1470 10 0 3 0 1 0 GPIO1_J27_IO17_P
N 1023
J 575 1500 2
J 335 1500 1
S 2 1
L 360 1500 10 0 3 0 1 0 GPIO1_J24_IO19_P
N 1024
J 575 1490 2
J 335 1490 1
S 2 1
L 360 1490 10 0 3 0 1 0 GPIO1_J25_IO19_N
N 1025
J 575 1460 2
J 335 1460 1
S 2 1
L 360 1460 10 0 3 0 1 0 GPIO1_J26_IO17_N
N 1026
J 575 1440 2
J 335 1440 1
S 2 1
L 360 1440 10 0 3 0 1 0 GPIO1_H25_IO15_P
N 1027
J 575 1430 2
J 335 1430 1
S 2 1
L 360 1430 10 0 3 0 1 0 GPIO1_H24_IO15_N
N 1028
J 575 1410 2
J 335 1410 1
S 2 1
L 360 1410 10 0 3 0 1 0 GPIO1_G27_IO13_P
N 1029
J 575 1400 2
J 335 1400 1
S 2 1
L 360 1400 10 0 3 0 1 0 GPIO1_H27_IO13_N
N 1042
J 575 1380 2
J 575 1370 2
J 575 1360 2
J 575 1350 2
J 575 1310 2
J 575 1250 2
J 575 1220 2
J 575 1190 2
J 575 1160 2
J 545 1090 2
J 545 1160 5
J 545 1190 5
J 545 1220 5
J 545 1250 5
J 575 1280 2
J 545 1280 5
J 545 1310 5
J 545 1350 5
J 545 1360 5
J 545 1370 5
J 545 1380 5
J 575 1480 2
J 575 1540 2
J 575 1570 2
J 545 1570 3
J 545 1540 5
J 575 1510 2
J 545 1510 5
J 545 1480 5
J 575 1450 2
J 545 1450 5
J 545 1420 5
J 575 1420 2
S 21 1
S 20 2
S 19 3
S 18 4
S 17 5
S 14 6
S 13 7
S 12 8
S 11 9
S 10 11
S 11 12
S 12 13
S 13 14
S 14 16
S 16 15
S 16 17
S 17 18
S 18 19
S 19 20
S 20 21
S 21 32
S 29 22
S 26 23
S 25 24
S 26 25
S 28 26
S 28 27
S 29 28
S 31 29
S 31 30
S 32 31
S 32 33
I 1043 GND 1 535 1070 0 1 '
|R 20:19_12-11-03
C 1042 10 1 0
N 994
J 725 1400 2
J 965 1400 1
S 1 2
L 780 1400 10 0 3 0 1 0 GPIO1_G28_IO12_N
N 995
J 725 1410 2
J 965 1410 1
S 1 2
L 780 1410 10 0 3 0 1 0 GPIO1_H28_IO12_P
N 996
J 725 1330 2
J 965 1330 1
S 1 2
L 780 1330 10 0 3 0 1 0 GPIO1_E26_IO10_P
N 997
J 965 1300 1
J 725 1300 2
S 2 1
L 780 1300 10 0 3 0 1 0 GPIO1_K28_IO8_P
N 998
J 965 1290 1
J 725 1290 2
S 2 1
L 780 1290 10 0 3 0 1 0 GPIO1_L28_IO8_N
N 999
J 965 1270 1
J 725 1270 2
S 2 1
L 780 1270 10 0 3 0 1 0 GPIO1_M28_IO6_P
N 1000
J 965 1260 1
J 725 1260 2
S 2 1
L 780 1260 10 0 3 0 1 0 GPIO1_N28_IO6_N
N 1001
J 725 1320 2
J 965 1320 1
S 1 2
L 780 1320 10 0 3 0 1 0 GPIO1_E27_IO10_N
N 1002
J 965 1440 1
J 725 1440 2
S 2 1
L 780 1440 10 0 3 0 1 0 GPIO1_F25_IO14_P
N 1003
J 965 1430 1
J 725 1430 2
S 2 1
L 780 1430 10 0 3 0 1 0 GPIO1_F26_IO14_N
N 1004
J 965 1470 1
J 725 1470 2
S 2 1
L 780 1470 10 0 3 0 1 0 GPIO1_G25_IO16_P
N 1005
J 965 1460 1
J 725 1460 2
S 2 1
L 780 1460 10 0 3 0 1 0 GPIO1_G26_IO16_N
N 1006
J 965 1500 1
J 725 1500 2
S 2 1
L 780 1500 10 0 3 0 1 0 GPIO1_M25_IO18_P
N 1008
J 965 1530 1
J 725 1530 2
S 2 1
L 780 1530 10 0 3 0 1 0 GPIO1_L25_IO20_P
N 1009
J 965 1520 1
J 725 1520 2
S 2 1
L 780 1520 10 0 3 0 1 0 GPIO1_L26_IO20_N
N 1012
J 965 1240 1
J 725 1240 2
S 2 1
L 780 1240 10 0 3 0 1 0 GPIO1_N24_IO4_P
N 1013
J 965 1230 1
J 725 1230 2
S 2 1
L 780 1230 10 0 3 0 1 0 GPIO1_P24_IO4_N
N 1014
J 725 1210 2
J 965 1210 1
S 1 2
L 780 1210 10 0 3 0 1 0 GPIO1_R24_IO2_P
N 1017
J 725 1570 2
J 755 1570 3
J 725 1540 2
J 755 1540 5
J 725 1510 2
J 755 1510 5
J 725 1480 2
J 755 1480 5
J 725 1450 2
J 755 1450 5
J 725 1420 2
J 755 1420 5
J 725 1380 2
J 755 1380 5
J 725 1370 2
J 755 1370 5
J 725 1360 2
J 755 1360 5
J 725 1350 2
J 755 1350 5
J 725 1310 2
J 755 1310 5
J 725 1280 2
J 755 1280 5
J 725 1250 2
J 755 1250 5
J 725 1220 2
J 755 1220 5
J 725 1190 2
J 755 1190 5
J 755 1090 2
J 755 1160 5
J 725 1160 2
S 1 2
S 4 2
S 3 4
S 6 4
S 5 6
S 8 6
S 7 8
S 10 8
S 9 10
S 12 10
S 11 12
S 14 12
S 13 14
S 16 14
S 15 16
S 18 16
S 17 18
S 20 18
S 19 20
S 22 20
S 21 22
S 24 22
S 23 24
S 26 24
S 25 26
S 28 26
S 27 28
S 30 28
S 29 30
S 32 30
S 31 32
S 33 32
I 1018 GND 1 745 1070 0 1 '
|R 20:19_12-11-03
C 1017 31 1 0
I 792 GND 1 1680 1070 0 1 '
|R 20:19_12-11-03
C 791 33 1 0
I 790 GND 1 1470 1070 0 1 '
|R 20:19_12-11-03
C 789 11 1 0
I 528 CSHEET 1 0 0 0 1 '
|R 15:48_8-9-04
A 1827 128 28 0 6 0 @NAME=ML555_PCIE
A 1332 54 10 0 3 3 AUTHOR=DAVID NAYLOR
A 1652 52 10 0 3 3 @SHEET=14
A 1872 52 15 0 3 3 @DATETIME=7-11-2006_6:37
A 1702 52 10 0 3 3 @SHEETTOTAL=37
I 536 SAMTEC-QSE-028-DP 1 695 1620 2 1 '
|R 17:57_12-8-03
A 665 1110 9 2 3 3 REFDES=P32
X 82 0
A 598 1559 9 2 3 3 #=74
X 80 0
A 598 1549 9 2 3 3 #=72
X 81 0
A 702 1559 9 2 9 3 #=73
X 79 0
A 702 1549 9 2 9 3 #=71
C 1021 1 76 0
A 598 1529 9 2 3 3 #=68
C 1022 1 74 0
A 598 1519 9 2 3 3 #=66
C 1008 2 75 0
A 702 1529 9 2 9 3 #=67
C 1009 2 73 0
A 702 1519 9 2 9 3 #=65
C 1023 1 70 0
A 598 1499 9 2 3 3 #=62
C 1024 1 68 0
A 598 1489 9 2 3 3 #=60
C 1006 2 69 0
A 702 1499 9 2 9 3 #=61
C 1007 2 67 0
A 702 1489 9 2 9 3 #=59
C 1020 1 64 0
A 598 1469 9 2 3 3 #=56
C 1025 1 62 0
A 598 1459 9 2 3 3 #=54
C 1004 2 63 0
A 702 1469 9 2 9 3 #=55
C 1005 2 61 0
A 702 1459 9 2 9 3 #=53
C 1026 1 50 0
A 598 1439 9 2 3 3 #=50
C 1027 1 48 0
A 598 1429 9 2 3 3 #=48
C 1002 2 49 0
A 702 1439 9 2 9 3 #=49
C 1003 2 47 0
A 702 1429 9 2 9 3 #=47
C 1028 1 44 0
A 598 1409 9 2 3 3 #=44
C 1029 1 42 0
A 598 1399 9 2 3 3 #=42
C 995 1 43 0
A 702 1409 9 2 9 3 #=43
C 994 1 41 0
A 702 1399 9 2 9 3 #=41
C 1030 1 40 0
A 598 1329 9 2 3 3 #=40
C 1031 1 38 0
A 598 1319 9 2 3 3 #=38
C 996 1 39 0
A 702 1329 9 2 9 3 #=39
C 1001 1 37 0
A 702 1319 9 2 9 3 #=37
C 1032 1 34 0
A 598 1299 9 2 3 3 #=34
C 1033 1 32 0
A 598 1289 9 2 3 3 #=32
C 997 2 33 0
A 702 1299 9 2 9 3 #=33
C 998 2 31 0
A 702 1289 9 2 9 3 #=31
C 1035 1 28 0
A 598 1269 9 2 3 3 #=28
C 1034 1 26 0
A 598 1259 9 2 3 3 #=26
C 999 2 27 0
A 702 1269 9 2 9 3 #=27
C 1000 2 25 0
A 702 1259 9 2 9 3 #=25
C 1036 1 22 0
A 598 1239 9 2 3 3 #=22
C 1037 1 20 0
A 598 1229 9 2 3 3 #=20
C 1017 15 53 0
A 702 1369 9 2 9 3 #=83
C 1017 17 52 0
A 702 1359 9 2 9 3 #=82
C 1017 19 51 0
A 702 1349 9 2 9 3 #=81
C 1017 21 35 0
A 702 1309 9 2 9 3 #=35
C 1017 23 29 0
A 702 1279 9 2 9 3 #=29
C 1017 25 23 0
A 702 1249 9 2 9 3 #=23
C 1042 24 84 0
A 598 1569 9 2 3 3 #=76
C 1042 23 78 0
A 598 1539 9 2 3 3 #=70
C 1042 27 72 0
A 598 1509 9 2 3 3 #=64
C 1017 27 17 0
A 702 1219 9 2 9 3 #=17
C 1042 22 66 0
A 598 1479 9 2 3 3 #=58
C 1042 30 60 0
A 598 1449 9 2 3 3 #=52
C 1042 33 46 0
A 598 1419 9 2 3 3 #=46
C 1042 1 58 0
A 598 1379 9 2 3 3 #=88
C 1042 2 57 0
A 598 1369 9 2 3 3 #=87
C 1042 3 56 0
A 598 1359 9 2 3 3 #=86
C 1042 4 55 0
A 598 1349 9 2 3 3 #=85
C 1042 5 36 0
A 598 1309 9 2 3 3 #=36
C 1042 15 30 0
A 598 1279 9 2 3 3 #=30
C 1042 6 24 0
A 598 1249 9 2 3 3 #=24
C 1017 29 11 0
A 702 1189 9 2 9 3 #=11
C 1042 7 18 0
A 598 1219 9 2 3 3 #=18
C 1042 8 12 0
A 598 1189 9 2 3 3 #=12
C 1042 9 6 0
A 598 1159 9 2 3 3 #=6
C 1017 1 83 0
A 702 1569 9 2 9 3 #=75
C 1017 3 77 0
A 702 1539 9 2 9 3 #=69
C 1017 5 71 0
A 702 1509 9 2 9 3 #=63
C 1017 7 65 0
A 702 1479 9 2 9 3 #=57
C 1017 9 59 0
A 702 1449 9 2 9 3 #=51
C 1017 11 45 0
A 702 1419 9 2 9 3 #=45
C 1017 13 54 0
A 702 1379 9 2 9 3 #=84
C 1017 33 5 0
A 702 1159 9 2 9 3 #=5
C 1012 2 21 0
A 702 1239 9 2 9 3 #=21
C 1013 2 19 0
A 702 1229 9 2 9 3 #=19
C 1153 1 16 0
A 598 1209 9 2 3 3 #=16
C 1154 1 14 0
A 598 1199 9 2 3 3 #=14
C 1014 1 15 0
A 702 1209 9 2 9 3 #=15
C 1015 1 13 0
A 702 1199 9 2 9 3 #=13
X 10 0
A 598 1179 9 2 3 3 #=10
X 8 0
A 598 1169 9 2 3 3 #=8
X 9 0
A 702 1179 9 2 9 3 #=9
X 7 0
A 702 1169 9 2 9 3 #=7
C 1151 1 4 0
A 598 1149 9 2 3 3 #=4
C 1152 1 2 0
A 598 1139 9 2 3 3 #=2
C 1337 1 88 0
A 598 1589 9 2 3 3 #=80
C 1336 1 86 0
A 598 1579 9 2 3 3 #=78
C 1333 1 87 0
A 702 1589 9 2 9 3 #=79
C 1332 1 85 0
A 702 1579 9 2 9 3 #=77
C 1155 2 3 0
A 702 1149 9 2 9 3 #=3
C 1156 2 1 0
A 702 1139 9 2 9 3 #=1
N 1015
J 725 1200 2
J 965 1200 1
S 1 2
L 780 1200 10 0 3 0 1 0 GPIO1_T24_IO2_N
N 1151
J 575 1150 2
J 335 1150 1
S 2 1
L 365 1150 10 0 3 0 1 0 GPIO1_G23_IO1_P
N 1037
J 575 1230 2
J 335 1230 1
S 2 1
L 365 1230 10 0 3 0 1 0 GPIO1_P27_IO5_N
N 1036
J 575 1240 2
J 335 1240 1
S 2 1
L 365 1240 10 0 3 0 1 0 GPIO1_P26_IO5_P
N 1034
J 575 1260 2
J 335 1260 1
S 2 1
L 365 1260 10 0 3 0 1 0 GPIO1_K26_IO7_N
N 1035
J 575 1270 2
J 335 1270 1
S 2 1
L 365 1270 10 0 3 0 1 0 GPIO1_K27_IO7_P
N 1033
J 575 1290 2
J 335 1290 1
S 2 1
L 365 1290 10 0 3 0 1 0 GPIO1_M27_IO9_N
N 1032
J 575 1300 2
J 335 1300 1
S 2 1
L 365 1300 10 0 3 0 1 0 GPIO1_N27_IO9_P
N 1031
J 575 1320 2
J 335 1320 1
S 2 1
L 365 1320 10 0 3 0 1 0 GPIO1_F28_IO11_N
N 1030
J 575 1330 2
J 335 1330 1
S 2 1
L 365 1330 10 0 3 0 1 0 GPIO1_E28_IO11_P
N 1155
J 965 1150 1
J 725 1150 2
S 2 1
L 780 1150 10 0 3 0 1 0 GPIO1_K23_IO0_P
N 1021
J 575 1530 2
J 335 1530 1
S 2 1
L 360 1530 10 0 3 0 1 0 GPIO1_K24_IO21_P
N 1022
J 575 1520 2
J 335 1520 1
S 2 1
L 360 1520 10 0 3 0 1 0 GPIO1_L24_IO21_N
N 1007
J 965 1490 1
J 725 1490 2
S 2 1
L 780 1490 10 0 3 0 1 0 GPIO1_M26_IO18_N
N 1168
J 950 720 1
J 710 720 2
S 2 1
L 745 720 10 0 3 0 1 0 GPIO1_E27_IO10_N
N 1163
J 950 710 1
J 710 710 2
S 2 1
L 745 710 10 0 3 0 1 0 GPIO1_E26_IO10_P
N 1169
J 710 630 2
J 950 630 1
S 1 2
L 745 630 10 0 3 0 1 0 GPIO1_F25_IO14_P
N 1162
J 950 670 1
J 710 670 2
S 2 1
L 745 670 10 0 3 0 1 0 GPIO1_H28_IO12_P
N 1161
J 950 680 1
J 710 680 2
S 2 1
L 745 680 10 0 3 0 1 0 GPIO1_G28_IO12_N
N 1164
J 710 750 2
J 950 750 1
S 1 2
L 745 750 10 0 3 0 1 0 GPIO1_K28_IO8_P
N 1165
J 710 760 2
J 950 760 1
S 1 2
L 745 760 10 0 3 0 1 0 GPIO1_L28_IO8_N
N 1172
J 710 600 2
J 950 600 1
S 1 2
L 745 600 10 0 3 0 1 0 GPIO1_G26_IO16_N
N 1171
J 710 590 2
J 950 590 1
S 1 2
L 745 590 10 0 3 0 1 0 GPIO1_G25_IO16_P
N 1181
J 710 560 2
J 950 560 1
S 1 2
L 745 560 10 0 3 0 1 0 GPIO1_M26_IO18_N
N 1173
J 710 550 2
J 950 550 1
S 1 2
L 745 550 10 0 3 0 1 0 GPIO1_M25_IO18_P
N 1174
J 710 510 2
J 950 510 1
S 1 2
L 745 510 10 0 3 0 1 0 GPIO1_L25_IO20_P
N 1175
J 710 520 2
J 950 520 1
S 1 2
L 745 520 10 0 3 0 1 0 GPIO1_L26_IO20_N
I 1128 5VLX50TFF1136_19 1 310 390 0 1 '
A 310 380 10 0 3 3 REFDES=U10
C 1180 2 40 0
A 665 880 10 0 3 3 #=T24
C 1178 2 39 0
A 665 870 10 0 3 3 #=R24
C 1185 1 38 0
A 665 860 10 0 3 3 #=N25
C 1184 1 37 0
A 665 850 10 0 3 3 #=P25
C 1177 1 36 0
A 665 840 10 0 3 3 #=P24
C 1176 1 35 0
A 665 830 10 0 3 3 #=N24
C 1186 1 34 0
A 665 820 10 0 3 3 #=P27
C 1187 1 33 0
A 665 810 10 0 3 3 #=P26
C 1167 1 32 0
A 665 800 10 0 3 3 #=N28
C 1166 1 31 0
A 665 790 10 0 3 3 #=M28
C 1188 1 30 0
A 665 780 10 0 3 3 #=K26
C 1189 1 29 0
A 665 770 10 0 3 3 #=K27
C 1165 1 28 0
A 665 760 10 0 3 3 #=L28
C 1164 1 27 0
A 665 750 10 0 3 3 #=K28
C 1190 1 26 0
A 665 740 10 0 3 3 #=M27
C 1191 1 25 0
A 665 730 10 0 3 3 #=N27
C 1168 2 24 0
A 665 720 10 0 3 3 #=E27
C 1163 2 23 0
A 665 710 10 0 3 3 #=E26
C 1192 1 22 0
A 665 700 10 0 3 3 #=F28
C 1193 1 21 0
A 665 690 10 0 3 3 #=E28
C 1161 2 20 0
A 665 680 10 0 3 3 #=G28
C 1162 2 19 0
A 665 670 10 0 3 3 #=H28
C 1201 1 18 0
A 665 660 10 0 3 3 #=H27
C 1200 1 17 0
A 665 650 10 0 3 3 #=G27
C 1183 2 16 0
A 665 640 10 0 3 3 #=F26
C 1169 1 15 0
A 665 630 10 0 3 3 #=F25
C 1199 1 14 0
A 665 620 10 0 3 3 #=H24
C 1198 1 13 0
A 665 610 10 0 3 3 #=H25
C 1172 1 12 0
A 665 600 10 0 3 3 #=G26
C 1171 1 11 0
A 665 590 10 0 3 3 #=G25
C 1197 1 10 0
A 665 580 10 0 3 3 #=J26
C 1194 1 9 0
A 665 570 10 0 3 3 #=J27
C 1181 1 8 0
A 665 560 10 0 3 3 #=M26
C 1173 1 7 0
A 665 550 10 0 3 3 #=M25
C 1196 1 6 0
A 665 540 10 0 3 3 #=J25
C 1195 1 5 0
A 665 530 10 0 3 3 #=J24
C 1175 1 4 0
A 665 520 10 0 3 3 #=L26
C 1174 1 3 0
A 665 510 10 0 3 3 #=L25
C 1203 1 2 0
A 665 500 10 0 3 3 #=L24
C 1202 1 1 0
A 665 490 10 0 3 3 #=K24
N 1166
J 710 790 2
J 950 790 1
S 1 2
L 745 790 10 0 3 0 1 0 GPIO1_M28_IO6_P
N 1167
J 710 800 2
J 950 800 1
S 1 2
L 745 800 10 0 3 0 1 0 GPIO1_N28_IO6_N
N 1176
J 710 830 2
J 950 830 1
S 1 2
L 745 830 10 0 3 0 1 0 GPIO1_N24_IO4_P
N 1177
J 710 840 2
J 950 840 1
S 1 2
L 745 840 10 0 3 0 1 0 GPIO1_P24_IO4_N
N 1180
J 950 880 1
J 710 880 2
S 2 1
L 745 880 10 0 3 0 1 0 GPIO1_T24_IO2_N
N 1178
J 950 870 1
J 710 870 2
S 2 1
L 745 870 10 0 3 0 1 0 GPIO1_R24_IO2_P
N 1193
J 710 690 2
J 950 690 1
S 1 2
L 745 690 10 0 3 0 1 0 GPIO1_E28_IO11_P
N 1192
J 710 700 2
J 950 700 1
S 1 2
L 745 700 10 0 3 0 1 0 GPIO1_F28_IO11_N
N 1191
J 710 730 2
J 950 730 1
S 1 2
L 745 730 10 0 3 0 1 0 GPIO1_N27_IO9_P
N 1190
J 710 740 2
J 950 740 1
S 1 2
L 745 740 10 0 3 0 1 0 GPIO1_M27_IO9_N
N 1189
J 710 770 2
J 950 770 1
S 1 2
L 745 770 10 0 3 0 1 0 GPIO1_K27_IO7_P
N 1188
J 710 780 2
J 950 780 1
S 1 2
L 745 780 10 0 3 0 1 0 GPIO1_K26_IO7_N
N 1187
J 710 810 2
J 950 810 1
S 1 2
L 745 810 10 0 3 0 1 0 GPIO1_P26_IO5_P
N 1186
J 710 820 2
J 950 820 1
S 1 2
L 745 820 10 0 3 0 1 0 GPIO1_P27_IO5_N
N 1184
J 710 850 2
J 950 850 1
S 1 2
L 745 850 10 0 3 0 1 0 GPIO1_P25_IO3_P
N 1185
J 710 860 2
J 950 860 1
S 1 2
L 745 860 10 0 3 0 1 0 GPIO1_N25_IO3_N
N 1201
J 710 660 2
J 950 660 1
S 1 2
L 745 660 10 0 3 0 1 0 GPIO1_H27_IO13_N
N 1200
J 710 650 2
J 950 650 1
S 1 2
L 745 650 10 0 3 0 1 0 GPIO1_G27_IO13_P
N 1199
J 710 620 2
J 950 620 1
S 1 2
L 745 620 10 0 3 0 1 0 GPIO1_H24_IO15_N
N 1198
J 710 610 2
J 950 610 1
S 1 2
L 745 610 10 0 3 0 1 0 GPIO1_H25_IO15_P
N 1197
J 710 580 2
J 950 580 1
S 1 2
L 745 580 10 0 3 0 1 0 GPIO1_J26_IO17_N
N 1194
J 710 570 2
J 950 570 1
S 1 2
L 745 570 10 0 3 0 1 0 GPIO1_J27_IO17_P
N 1196
J 710 540 2
J 950 540 1
S 1 2
L 745 540 10 0 3 0 1 0 GPIO1_J25_IO19_N
N 1195
J 710 530 2
J 950 530 1
S 1 2
L 745 530 10 0 3 0 1 0 GPIO1_J24_IO19_P
N 1203
J 710 500 2
J 950 500 1
S 1 2
L 745 500 10 0 3 0 1 0 GPIO1_L24_IO21_N
N 1202
J 710 490 2
J 950 490 1
S 1 2
L 745 490 10 0 3 0 1 0 GPIO1_K24_IO21_P
I 711 SAMTEC-QSE-028-DP 1 1540 1110 0 1 '
|R 17:57_12-8-03
A 1570 1620 9 0 3 3 REFDES=P33
X 82 0
A 1637 1171 9 0 3 3 #=74
X 80 0
A 1637 1181 9 0 3 3 #=72
X 81 0
A 1533 1171 9 0 9 3 #=73
X 79 0
A 1533 1181 9 0 9 3 #=71
C 1218 2 76 0
A 1637 1201 9 0 3 3 #=68
C 1219 2 74 0
A 1637 1211 9 0 3 3 #=66
C 1230 1 75 0
A 1533 1201 9 0 9 3 #=67
C 1231 1 73 0
A 1533 1211 9 0 9 3 #=65
C 1220 1 70 0
A 1637 1231 9 0 3 3 #=62
C 1221 1 68 0
A 1637 1241 9 0 3 3 #=60
C 1232 2 69 0
A 1533 1231 9 0 9 3 #=61
C 1233 2 67 0
A 1533 1241 9 0 9 3 #=59
C 1222 1 64 0
A 1637 1261 9 0 3 3 #=56
C 1223 1 62 0
A 1637 1271 9 0 3 3 #=54
C 1234 2 63 0
A 1533 1261 9 0 9 3 #=55
C 1235 2 61 0
A 1533 1271 9 0 9 3 #=53
C 1224 1 50 0
A 1637 1291 9 0 3 3 #=50
C 1225 1 48 0
A 1637 1301 9 0 3 3 #=48
C 1236 2 49 0
A 1533 1291 9 0 9 3 #=49
C 1237 2 47 0
A 1533 1301 9 0 9 3 #=47
C 1226 2 44 0
A 1637 1321 9 0 3 3 #=44
C 1227 2 42 0
A 1637 1331 9 0 3 3 #=42
C 1238 2 43 0
A 1533 1321 9 0 9 3 #=43
C 1239 2 41 0
A 1533 1331 9 0 9 3 #=41
C 1228 2 40 0
A 1637 1401 9 0 3 3 #=40
C 1229 2 38 0
A 1637 1411 9 0 3 3 #=38
C 1240 2 39 0
A 1533 1401 9 0 9 3 #=39
C 1241 2 37 0
A 1533 1411 9 0 9 3 #=37
C 1258 1 34 0
A 1637 1431 9 0 3 3 #=34
C 1259 1 32 0
A 1637 1441 9 0 3 3 #=32
C 1242 2 33 0
A 1533 1431 9 0 9 3 #=33
C 1243 2 31 0
A 1533 1441 9 0 9 3 #=31
C 1255 2 28 0
A 1637 1461 9 0 3 3 #=28
C 1254 2 26 0
A 1637 1471 9 0 3 3 #=26
C 1244 2 27 0
A 1533 1461 9 0 9 3 #=27
C 1245 2 25 0
A 1533 1471 9 0 9 3 #=25
C 1253 2 22 0
A 1637 1491 9 0 3 3 #=22
C 1252 2 20 0
A 1637 1501 9 0 3 3 #=20
C 789 4 53 0
A 1533 1361 9 0 9 3 #=83
C 789 3 52 0
A 1533 1371 9 0 9 3 #=82
C 789 2 51 0
A 1533 1381 9 0 9 3 #=81
C 789 1 35 0
A 1533 1421 9 0 9 3 #=35
C 789 33 29 0
A 1533 1451 9 0 9 3 #=29
C 789 24 23 0
A 1533 1481 9 0 9 3 #=23
C 791 31 84 0
A 1637 1161 9 0 3 3 #=76
C 791 1 78 0
A 1637 1191 9 0 3 3 #=70
C 791 2 72 0
A 1637 1221 9 0 3 3 #=64
C 789 29 17 0
A 1533 1511 9 0 9 3 #=17
C 791 3 66 0
A 1637 1251 9 0 3 3 #=58
C 791 4 60 0
A 1637 1281 9 0 3 3 #=52
C 791 5 46 0
A 1637 1311 9 0 3 3 #=46
C 791 6 58 0
A 1637 1351 9 0 3 3 #=88
C 791 7 57 0
A 1637 1361 9 0 3 3 #=87
C 791 8 56 0
A 1637 1371 9 0 3 3 #=86
C 791 9 55 0
A 1637 1381 9 0 3 3 #=85
C 791 10 36 0
A 1637 1421 9 0 3 3 #=36
C 791 11 30 0
A 1637 1451 9 0 3 3 #=30
C 791 12 24 0
A 1637 1481 9 0 3 3 #=24
C 789 25 11 0
A 1533 1541 9 0 9 3 #=11
C 791 13 18 0
A 1637 1511 9 0 3 3 #=18
C 791 14 12 0
A 1637 1541 9 0 3 3 #=12
C 791 15 6 0
A 1637 1571 9 0 3 3 #=6
C 789 12 83 0
A 1533 1161 9 0 9 3 #=75
C 789 10 77 0
A 1533 1191 9 0 9 3 #=69
C 789 9 71 0
A 1533 1221 9 0 9 3 #=63
C 789 8 65 0
A 1533 1251 9 0 9 3 #=57
C 789 7 59 0
A 1533 1281 9 0 9 3 #=51
C 789 6 45 0
A 1533 1311 9 0 9 3 #=45
C 789 5 54 0
A 1533 1351 9 0 9 3 #=84
C 789 26 5 0
A 1533 1571 9 0 9 3 #=5
C 1246 2 21 0
A 1533 1491 9 0 9 3 #=21
C 1247 2 19 0
A 1533 1501 9 0 9 3 #=19
C 1251 2 16 0
A 1637 1521 9 0 3 3 #=16
C 1250 2 14 0
A 1637 1531 9 0 3 3 #=14
C 1248 2 15 0
A 1533 1521 9 0 9 3 #=15
C 1249 2 13 0
A 1533 1531 9 0 9 3 #=13
X 10 0
A 1637 1551 9 0 3 3 #=10
X 8 0
A 1637 1561 9 0 3 3 #=8
X 9 0
A 1533 1551 9 0 9 3 #=9
X 7 0
A 1533 1561 9 0 9 3 #=7
C 1209 1 4 0
A 1637 1581 9 0 3 3 #=4
C 1208 1 2 0
A 1637 1591 9 0 3 3 #=2
C 866 2 88 0
A 1637 1141 9 0 3 3 #=80
C 865 2 86 0
A 1637 1151 9 0 3 3 #=78
C 864 1 87 0
A 1533 1141 9 0 9 3 #=79
C 863 1 85 0
A 1533 1151 9 0 9 3 #=77
C 1261 2 3 0
A 1533 1581 9 0 9 3 #=3
C 1260 2 1 0
A 1533 1591 9 0 9 3 #=1
I 1131 5VLX50TFF1136_19_POWER 1 310 240 0 1 '
A 310 230 10 0 3 3 REFDES=U10
C 1126 4 3 0
A 665 370 10 0 3 3 #=H31
C 1126 7 2 0
A 665 360 10 0 3 3 #=E30
C 1126 1 1 0
A 665 350 10 0 3 3 #=J28
I 1206 5VLX50TFF1136_18_POWER 1 1260 245 0 1 '
A 1260 235 10 0 3 3 REFDES=U10
C 1204 5 3 0
A 1615 375 10 0 3 3 #=AB9
C 1204 3 2 0
A 1615 365 10 0 3 3 #=W8
C 1204 1 1 0
A 1615 355 10 0 3 3 #=AC6
N 1230
J 1510 1200 2
J 1270 1200 1
S 2 1
L 1305 1200 10 0 3 0 1 0 GPIO2_AK6_IO3_N
N 1228
J 1900 1400 1
J 1660 1400 2
S 2 1
L 1710 1400 10 0 3 0 1 0 GPIO2_AF6_IO12_N
N 1255
J 1900 1460 1
J 1660 1460 2
S 2 1
L 1710 1460 10 0 3 0 1 0 GPIO2_AD5_IO16_N
N 1254
J 1900 1470 1
J 1660 1470 2
S 2 1
L 1710 1470 10 0 3 0 1 0 GPIO2_AD4_IO16_P
N 1270
J 1660 885 2
J 1900 885 1
S 1 2
L 1695 885 10 0 3 0 1 0 GPIO2_V9_IO2_N
N 1271
J 1660 875 2
J 1900 875 1
S 1 2
L 1695 875 10 0 3 0 1 0 GPIO2_V10_IO2_P
N 1272
J 1900 845 1
J 1660 845 2
S 2 1
L 1695 845 10 0 3 0 1 0 GPIO2_U8_IO4_N
N 1273
J 1900 835 1
J 1660 835 2
S 2 1
L 1695 835 10 0 3 0 1 0 GPIO2_V8_IO4_P
N 1274
J 1900 805 1
J 1660 805 2
S 2 1
L 1695 805 10 0 3 0 1 0 GPIO2_W9_IO6_N
N 1275
J 1900 795 1
J 1660 795 2
S 2 1
L 1695 795 10 0 3 0 1 0 GPIO2_W10_IO6_P
N 1276
J 1900 765 1
J 1660 765 2
S 2 1
L 1695 765 10 0 3 0 1 0 GPIO2_W11_IO8_N
N 1277
J 1900 755 1
J 1660 755 2
S 2 1
L 1695 755 10 0 3 0 1 0 GPIO2_Y11_IO8_P
N 1279
J 1660 715 2
J 1900 715 1
S 1 2
L 1695 715 10 0 3 0 1 0 GPIO2_W7_IO10_P
N 1269
J 1900 695 1
J 1660 695 2
S 2 1
L 1695 695 10 0 3 0 1 0 GPIO2_AG5_IO11_P
N 1268
J 1900 705 1
J 1660 705 2
S 2 1
L 1695 705 10 0 3 0 1 0 GPIO2_AF5_IO11_N
N 1267
J 1900 735 1
J 1660 735 2
S 2 1
L 1695 735 10 0 3 0 1 0 GPIO2_AH5_IO9_P
N 1266
J 1900 745 1
J 1660 745 2
S 2 1
L 1695 745 10 0 3 0 1 0 GPIO2_AG6_IO9_N
N 1265
J 1900 775 1
J 1660 775 2
S 2 1
L 1695 775 10 0 3 0 1 0 GPIO2_AH7_IO7_P
N 1264
J 1900 785 1
J 1660 785 2
S 2 1
L 1695 785 10 0 3 0 1 0 GPIO2_AG7_IO7_N
N 1263
J 1900 815 1
J 1660 815 2
S 2 1
L 1695 815 10 0 3 0 1 0 GPIO2_AJ7_IO5_P
N 1262
J 1900 825 1
J 1660 825 2
S 2 1
L 1695 825 10 0 3 0 1 0 GPIO2_AJ6_IO5_N
N 1285
J 1660 865 2
J 1900 865 1
S 1 2
L 1695 865 10 0 3 0 1 0 GPIO2_AK6_IO3_N
N 1231
J 1510 1210 2
J 1270 1210 1
S 2 1
L 1305 1210 10 0 3 0 1 0 GPIO2_AK7_IO3_P
N 1307
J 1660 685 2
J 1900 685 1
S 1 2
L 1695 685 10 0 3 0 1 0 GPIO2_AF6_IO12_N
N 1304
J 1660 675 2
J 1900 675 1
S 1 2
L 1695 675 10 0 3 0 1 0 GPIO2_AE7_IO12_P
N 1302
J 1900 665 1
J 1660 665 2
S 2 1
L 1695 665 10 0 3 0 1 0 GPIO2_Y6_IO13_N
N 1303
J 1900 655 1
J 1660 655 2
S 2 1
L 1695 655 10 0 3 0 1 0 GPIO2_W6_IO13_P
N 1288
J 1900 645 1
J 1660 645 2
S 2 1
L 1695 645 10 0 3 0 1 0 GPIO2_AE6_IO14_N
N 1289
J 1900 635 1
J 1660 635 2
S 2 1
L 1695 635 10 0 3 0 1 0 GPIO2_AD6_IO14_P
N 1294
J 1900 625 1
J 1660 625 2
S 2 1
L 1695 625 10 0 3 0 1 0 GPIO2_Y7_IO15_N
N 1295
J 1900 615 1
J 1660 615 2
S 2 1
L 1695 615 10 0 3 0 1 0 GPIO2_AA6_IO15_P
N 1308
J 1660 605 2
J 1900 605 1
S 1 2
L 1695 605 10 0 3 0 1 0 GPIO2_AD5_IO16_N
N 1309
J 1660 595 2
J 1900 595 1
S 1 2
L 1695 595 10 0 3 0 1 0 GPIO2_AD4_IO16_P
N 1296
J 1900 585 1
J 1660 585 2
S 2 1
L 1695 585 10 0 3 0 1 0 GPIO2_Y9_IO17_N
N 1297
J 1900 575 1
J 1660 575 2
S 2 1
L 1695 575 10 0 3 0 1 0 GPIO2_Y8_IO17_P
N 1293
J 1660 565 2
J 1900 565 1
S 1 2
L 1695 565 10 0 3 0 1 0 GPIO2_AD7_IO18_N
N 1292
J 1660 555 2
J 1900 555 1
S 1 2
L 1695 555 10 0 3 0 1 0 GPIO2_AC7_IO18_P
N 1298
J 1900 545 1
J 1660 545 2
S 2 1
L 1695 545 10 0 3 0 1 0 GPIO2_AB5_IO19_N
N 1299
J 1900 535 1
J 1660 535 2
S 2 1
L 1695 535 10 0 3 0 1 0 GPIO2_AA5_IO19_P
N 1291
J 1660 525 2
J 1900 525 1
S 1 2
L 1695 525 10 0 3 0 1 0 GPIO2_AB7_IO20_N
N 1290
J 1660 515 2
J 1900 515 1
S 1 2
L 1695 515 10 0 3 0 1 0 GPIO2_AB6_IO20_P
N 1300
J 1900 505 1
J 1660 505 2
S 2 1
L 1695 505 10 0 3 0 1 0 GPIO2_AC5_IO21_N
N 1301
J 1900 495 1
J 1660 495 2
S 2 1
L 1695 495 10 0 3 0 1 0 GPIO2_AC4_IO21_P
N 1333
J 725 1590 2
J 965 1590 1
S 1 2
L 780 1590 10 0 3 0 1 0 GPIO1_K13_IO22_P
T 1370 455 30 0 3 Bank18
T 430 440 30 0 3 Bank19
T 1530 1040 24 0 3 GPIO2
T 595 1040 24 0 3 GPIO1
T 90 105 36 0 3 GPIO - 2xQSE SamtecDP Connector
T 325 1000 24 0 3 GPIO1_[21:02] P32 <=> Bank19
T 325 970 24 0 3 GPIO1_[23,22,01,00] P32 <=> Bank1
T 1170 1000 24 0 3 GPIO2_[21:02] P33 <=> Bank18
T 1170 970 24 0 3 GPIO2_[23,22,01,00] P33 <=> Bank2
E
