V 51
K 234318506700 ml555_pcie
Y 0
D 0 0 2200 1700
Z 2
i 1
I 1 CSHEET 1 0 0 0 1 '
|R 15:48_8-9-04
A 1827 128 28 0 6 0 @NAME=ML555_PCIE
A 1332 54 10 0 3 3 AUTHOR=DAVID NAYLOR
A 1652 52 10 0 3 3 @SHEET=37
A 1872 52 15 0 3 3 @DATETIME=7-13-2006_10:19
A 1702 52 10 0 3 3 @SHEETTOTAL=37
A 2114 89 20 0 5 3 REVISION=E8
c 1170 695 30
c 1070 695 30
b 660 770 790 810
b 450 200 590 440
b 1510 740 1750 880
b 620 180 990 290
b 595 1455 1305 1585
l 2 2030 520 2030 1350
l 2 1320 520 1320 1350
l 2 2030 520 1320 520
l 2 2030 1350 1320 1350
c 590 790 30
c 490 790 30
c 1170 790 30
c 1070 790 30
c 970 790 30
c 870 790 30
b 1800 700 2020 1190
b 695 370 1015 460
b 250 980 410 1140
b 250 1260 410 1420
b 250 710 410 870
T 280 520 24 0 3 USB "B"
Q 5 3 0
T 290 780 24 0 3 SATA
Q 5 3 0
T 290 1330 24 0 3 SFP#1
Q 5 3 0
T 290 1050 24 0 3 SFP#2
Q 5 3 0
T 670 780 20 0 3 JTAG Conn.
Q 5 3 0
T 450 510 20 0 3 +Level Shifter
Q 5 3 0
b 440 470 600 580
T 470 530 20 0 3 USB/UART
Q 5 3 0
b 695 500 1015 590
T 925 560 24 2 3 Samtec#1
Q 5 3 0
T 925 420 24 2 3 Samtec#2
Q 5 3 0
b 1330 600 1470 1260
T 1410 780 24 1 3 HW-AFX-BERG-EPHY I/F
Q 5 3 0
T 1910 870 24 1 3 DDR2 SODIMM
Q 5 3 0
T 920 1090 24 0 3 5vlx50t-ff1136
Q 5 3 0
T 1530 480 24 0 3 HW-AFX-BERG-EPHY Outline
Q 5 3 0
T 725 1515 24 0 3 PCI/PCI-X 64-bit Edge Connector
Q 5 3 0
T 630 220 24 0 3 PCIe 8-Lane Edge Connector
Q 5 3 0
b 1510 930 1750 1070
T 460 720 24 0 3 CLKIN SMA I/F
Q 5 3 0
T 500 260 24 1 3 PTH12000
Q 5 3 0
T 1580 1010 24 0 3 PTH05000
Q 5 3 0
T 1570 820 24 0 3 PTH05050
Q 5 3 0
T 550 240 24 1 3 Vout=5V/6A
Q 5 3 0
T 1550 970 24 0 3 Vout=1.8V/6A
Q 5 3 0
T 1550 790 24 0 3 Vout=0.9V/6A
Q 5 3 0
b 1510 1120 1750 1260
T 1570 1210 24 0 3 PTH03000
Q 5 3 0
T 1550 1160 24 0 3 Vout=1.0V/6A
Q 5 3 0
b 250 450 410 610
T 110 100 30 0 3 ML555 Block Diagram, PCB Component Side
T 650 1150 20 0 3 CPLD
Q 5 3 0
T 665 1190 20 0 3 &
Q 5 3 0
b 900 1000 1120 1200
b 1135 180 1405 445
b 570 1090 790 1290
T 610 1230 20 0 3 Platform Flash
Q 5 3 0
T 1185 385 20 0 3 GTP Power Regs
Q 5 3 0
T 1200 315 20 0 3 3 X MAX8557
Q 5 3 0
T 1180 285 20 0 3 on back of board
Q 5 3 0
T 940 840 24 0 3 MGT SMA I/F
Q 5 3 0
T 1020 630 24 0 3 GTPCLK SMA I/F
Q 5 3 0
E
