V 51
K 234318506700 ml555_pcie
Y 0
D 0 0 2200 1700
Z 2
i 335
I 290 DDR2_VCC1V8 1 770 1510 0 1 '
|R 18:27_11-11-05
C 310 3 2 0
I 301 DDR2_VCC1V8 1 1410 1490 0 1 '
|R 18:27_11-11-05
C 314 3 2 0
N 318
J 1310 860 2
J 1530 860 2
J 1640 860 2
J 1640 850 3
J 1530 850 5
J 1420 860 2
J 1420 850 5
J 1310 850 5
J 1310 930 2
J 1420 930 2
J 1420 920 3
J 1310 920 5
J 1310 1000 2
J 1750 1000 2
J 1750 990 3
J 1640 1000 2
J 1640 990 5
J 1530 1000 2
J 1530 990 5
J 1420 1000 2
J 1420 990 5
J 1310 990 5
J 1280 990 3
J 1280 920 5
J 1280 850 5
J 1280 820 2
S 8 1
S 5 2
S 4 3
S 5 4
S 7 5
S 7 6
S 8 7
S 25 8
S 12 9
S 11 10
S 12 11
S 24 12
S 22 13
S 15 14
S 17 15
S 17 16
S 19 17
S 19 18
S 21 19
S 21 20
S 22 21
S 23 22
S 24 23
S 25 24
S 26 25
N 319
J 1420 890 2
J 1310 890 2
J 1310 1035 2
J 1420 1035 2
J 1530 1035 2
J 1750 1035 2
J 1750 1050 3
J 1640 1035 2
J 1640 1050 5
J 1530 1050 5
J 1420 1050 5
J 1310 1050 5
J 1260 1060 2
J 1260 1050 5
J 1310 960 2
J 1420 960 2
J 1420 970 3
J 1310 970 5
J 1260 970 5
J 1260 900 3
J 1310 900 5
J 1420 900 5
J 1640 890 2
J 1640 900 3
J 1530 900 5
J 1530 890 2
S 1 22
S 2 21
S 3 12
S 4 11
S 5 10
S 6 7
S 9 7
S 8 9
S 10 9
S 11 10
S 12 11
S 14 12
S 14 13
S 19 14
S 15 18
S 16 17
S 18 17
S 19 18
S 20 19
S 20 21
S 21 22
S 22 25
S 23 24
S 25 24
S 26 25
I 322 DDR2_VCC1V8 1 1250 1060 0 1 '
|R 18:27_11-11-05
C 319 13 2 0
I 332 GND 1 1270 800 0 1 '
|R 20:19_12-11-03
C 318 26 1 0
I 309 GND 1 1430 1230 0 1 '
|R 20:19_12-11-03
C 315 1 1 0
I 298 GND 1 790 1250 0 1 '
|R 20:19_12-11-03
C 311 1 1 0
N 277
J 170 1270 2
J 420 1310 2
J 420 1300 5
J 530 1300 3
J 200 1310 2
J 310 1310 2
J 310 1300 5
J 200 1300 5
J 200 1380 2
J 310 1380 2
J 310 1370 3
J 200 1370 5
J 200 1450 2
J 640 1450 2
J 640 1440 3
J 530 1450 2
J 530 1440 5
J 420 1450 2
J 420 1440 5
J 310 1450 2
J 310 1440 5
J 200 1440 5
J 170 1440 3
J 170 1370 5
J 170 1300 5
J 530 1310 2
S 1 25
S 3 2
S 7 3
S 3 4
S 4 26
S 8 5
S 7 6
S 8 7
S 25 8
S 12 9
S 11 10
S 12 11
S 24 12
S 22 13
S 15 14
S 17 15
S 17 16
S 19 17
S 19 18
S 21 19
S 21 20
S 22 21
S 23 22
S 24 23
S 25 24
N 282
J 420 1340 2
J 420 1350 5
J 530 1350 3
J 200 1410 2
J 200 1340 2
J 310 1340 2
J 310 1350 5
J 200 1350 5
J 150 1350 3
J 200 1485 2
J 310 1485 2
J 420 1485 2
J 640 1485 2
J 640 1500 3
J 530 1485 2
J 530 1500 5
J 420 1500 5
J 310 1500 5
J 200 1500 5
J 150 1510 2
J 150 1500 5
J 150 1420 5
J 200 1420 5
J 310 1420 3
J 310 1410 2
J 530 1340 2
S 1 2
S 7 2
S 2 3
S 26 3
S 4 23
S 5 8
S 6 7
S 8 7
S 9 8
S 9 22
S 10 19
S 11 18
S 12 17
S 13 14
S 16 14
S 15 16
S 17 16
S 18 17
S 19 18
S 21 19
S 21 20
S 22 21
S 22 23
S 23 24
S 25 24
N 262
J 330 1035 2
J 430 1035 2
J 430 1050 3
J 330 1050 5
J 220 1035 2
J 220 1050 5
J 220 890 2
J 330 890 2
J 440 890 2
J 550 890 2
J 660 890 2
J 770 890 2
J 880 890 2
J 990 890 2
J 990 900 3
J 880 900 5
J 770 900 5
J 660 900 5
J 550 900 5
J 440 900 5
J 330 900 5
J 220 900 5
J 220 820 2
J 330 820 2
J 440 820 2
J 550 820 2
J 660 820 2
J 770 820 2
J 880 820 2
J 990 820 2
J 990 830 3
J 880 830 5
J 770 830 5
J 660 830 5
J 550 830 5
J 440 830 5
J 330 830 5
J 220 830 5
J 220 750 2
J 330 750 2
J 440 750 2
J 550 750 2
J 660 750 2
J 770 750 2
J 880 750 2
J 990 750 2
J 990 760 3
J 880 760 5
J 770 760 5
J 660 760 5
J 550 760 5
J 440 760 5
J 330 760 5
J 220 760 5
J 220 680 2
J 330 680 2
J 440 680 2
J 550 680 2
J 660 680 2
J 770 680 2
J 880 680 2
J 990 680 2
J 990 690 3
J 880 690 5
J 770 690 5
J 660 690 5
J 550 690 5
J 440 690 5
J 330 690 5
J 220 690 5
J 220 610 2
J 330 610 2
J 440 610 2
J 550 610 2
J 660 610 2
J 770 610 2
J 990 610 2
J 990 620 3
J 880 610 2
J 880 620 5
J 770 620 5
J 660 620 5
J 550 620 5
J 440 620 5
J 330 620 5
J 220 620 5
J 170 620 3
J 170 690 5
J 170 760 5
J 170 830 5
J 170 900 5
J 220 960 2
J 330 960 2
J 440 960 2
J 550 960 2
J 660 960 2
J 770 960 2
J 990 960 2
J 990 970 3
J 880 960 2
J 880 970 5
J 770 970 5
J 660 970 5
J 550 970 5
J 440 970 5
J 330 970 5
J 220 970 5
J 170 970 5
J 170 1050 5
J 170 1080 2
S 1 4
S 2 3
S 4 3
S 6 4
S 5 6
S 109 6
S 7 22
S 8 21
S 9 20
S 10 19
S 11 18
S 12 17
S 13 16
S 14 15
S 16 15
S 17 16
S 18 17
S 19 18
S 20 19
S 21 20
S 22 21
S 91 22
S 23 38
S 24 37
S 25 36
S 26 35
S 27 34
S 28 33
S 29 32
S 30 31
S 32 31
S 33 32
S 34 33
S 35 34
S 36 35
S 37 36
S 38 37
S 90 38
S 39 54
S 40 53
S 41 52
S 42 51
S 43 50
S 44 49
S 45 48
S 46 47
S 48 47
S 49 48
S 50 49
S 51 50
S 52 51
S 53 52
S 54 53
S 89 54
S 55 70
S 56 69
S 57 68
S 58 67
S 59 66
S 60 65
S 61 64
S 62 63
S 64 63
S 65 64
S 66 65
S 67 66
S 68 67
S 69 68
S 70 69
S 88 70
S 71 86
S 72 85
S 73 84
S 74 83
S 75 82
S 76 81
S 77 78
S 80 78
S 79 80
S 81 80
S 82 81
S 83 82
S 84 83
S 85 84
S 86 85
S 87 86
S 87 88
S 88 89
S 89 90
S 90 91
S 91 108
S 92 107
S 93 106
S 94 105
S 95 104
S 96 103
S 97 102
S 98 99
S 101 99
S 100 101
S 102 101
S 103 102
S 104 103
S 105 104
S 106 105
S 107 106
S 108 107
S 108 109
S 109 110
N 263
J 990 930 2
J 990 920 3
J 880 930 2
J 880 920 5
J 770 930 2
J 770 920 5
J 660 930 2
J 660 920 5
J 550 930 2
J 550 920 5
J 440 930 2
J 440 920 5
J 330 930 2
J 330 920 5
J 220 930 2
J 220 920 5
J 990 860 2
J 990 850 3
J 880 860 2
J 880 850 5
J 770 860 2
J 770 850 5
J 660 860 2
J 660 850 5
J 550 860 2
J 550 850 5
J 440 860 2
J 440 850 5
J 330 860 2
J 330 850 5
J 220 860 2
J 220 850 5
J 990 790 2
J 990 780 3
J 880 790 2
J 880 780 5
J 770 790 2
J 770 780 5
J 660 790 2
J 660 780 5
J 550 790 2
J 550 780 5
J 440 790 2
J 440 780 5
J 330 790 2
J 330 780 5
J 220 790 2
J 220 780 5
J 990 720 2
J 990 710 3
J 880 720 2
J 880 710 5
J 770 720 2
J 770 710 5
J 660 720 2
J 660 710 5
J 550 720 2
J 550 710 5
J 440 720 2
J 440 710 5
J 330 720 2
J 330 710 5
J 220 720 2
J 220 710 5
J 990 650 2
J 990 640 3
J 880 650 2
J 880 640 5
J 770 650 2
J 770 640 5
J 660 650 2
J 660 640 5
J 550 650 2
J 550 640 5
J 440 650 2
J 440 640 5
J 330 650 2
J 330 640 5
J 220 650 2
J 220 640 5
J 990 580 2
J 990 570 3
J 880 580 2
J 880 570 5
J 770 580 2
J 770 570 5
J 660 580 2
J 660 570 5
J 550 580 2
J 550 570 5
J 440 580 2
J 440 570 5
J 330 580 2
J 330 570 5
J 220 580 2
J 220 570 5
J 190 500 2
J 190 570 5
J 190 640 5
J 190 710 5
J 190 780 5
J 190 850 5
J 190 920 5
J 190 990 3
J 430 1000 2
J 430 990 3
J 330 1000 2
J 330 990 5
J 220 990 5
J 220 1000 2
S 2 1
S 4 2
S 4 3
S 6 4
S 6 5
S 8 6
S 8 7
S 10 8
S 10 9
S 12 10
S 12 11
S 14 12
S 14 13
S 16 14
S 16 15
S 103 16
S 18 17
S 20 18
S 20 19
S 22 20
S 22 21
S 24 22
S 24 23
S 26 24
S 26 25
S 28 26
S 28 27
S 30 28
S 30 29
S 32 30
S 32 31
S 102 32
S 34 33
S 36 34
S 36 35
S 38 36
S 38 37
S 40 38
S 40 39
S 42 40
S 42 41
S 44 42
S 44 43
S 46 44
S 46 45
S 48 46
S 48 47
S 101 48
S 50 49
S 52 50
S 52 51
S 54 52
S 54 53
S 56 54
S 56 55
S 58 56
S 58 57
S 60 58
S 60 59
S 62 60
S 62 61
S 64 62
S 64 63
S 100 64
S 66 65
S 68 66
S 68 67
S 70 68
S 70 69
S 72 70
S 72 71
S 74 72
S 74 73
S 76 74
S 76 75
S 78 76
S 78 77
S 80 78
S 80 79
S 99 80
S 82 81
S 84 82
S 84 83
S 86 84
S 86 85
S 88 86
S 88 87
S 90 88
S 90 89
S 92 90
S 92 91
S 94 92
S 94 93
S 96 94
S 96 95
S 98 96
S 97 98
S 98 99
S 99 100
S 100 101
S 101 102
S 102 103
S 103 104
S 104 109
S 106 105
S 108 106
S 108 107
S 109 108
S 109 110
I 210 CAP_0402 1 970 580 0 1 '
|R 21:36_5-24-04
A 1020 580 10 0 3 3 PKG_TYPE=C0402
A 1020 590 10 0 3 3 VALUE=0.047UF
A 1020 600 10 0 3 3 REFDES=C295
C 263 81 6 0
A 990 590 10 5 1 3 #=2
C 262 77 5 0
A 990 600 10 1 1 3 #=1
I 211 CAP_0402 1 860 580 0 1 '
|R 21:36_5-24-04
A 910 580 10 0 3 3 PKG_TYPE=C0402
A 910 590 10 0 3 3 VALUE=0.047UF
A 910 600 10 0 3 3 REFDES=C296
C 263 83 6 0
A 880 590 10 5 1 3 #=2
C 262 79 5 0
A 880 600 10 1 1 3 #=1
I 212 CAP_0402 1 750 580 0 1 '
|R 21:36_5-24-04
A 800 580 10 0 3 3 PKG_TYPE=C0402
A 800 590 10 0 3 3 VALUE=0.047UF
A 800 600 10 0 3 3 REFDES=C297
C 263 85 6 0
A 770 590 10 5 1 3 #=2
C 262 76 5 0
A 770 600 10 1 1 3 #=1
I 213 CAP_0402 1 640 580 0 1 '
|R 21:36_5-24-04
A 690 580 10 0 3 3 PKG_TYPE=C0402
A 690 590 10 0 3 3 VALUE=0.047UF
A 690 600 10 0 3 3 REFDES=C298
C 263 87 6 0
A 660 590 10 5 1 3 #=2
C 262 75 5 0
A 660 600 10 1 1 3 #=1
I 214 CAP_0402 1 530 580 0 1 '
|R 21:36_5-24-04
A 580 580 10 0 3 3 PKG_TYPE=C0402
A 580 590 10 0 3 3 VALUE=0.047UF
A 580 600 10 0 3 3 REFDES=C299
C 263 89 6 0
A 550 590 10 5 1 3 #=2
C 262 74 5 0
A 550 600 10 1 1 3 #=1
I 215 CAP_0402 1 420 580 0 1 '
|R 21:36_5-24-04
A 470 580 10 0 3 3 PKG_TYPE=C0402
A 470 590 10 0 3 3 VALUE=0.047UF
A 470 600 10 0 3 3 REFDES=C300
C 263 91 6 0
A 440 590 10 5 1 3 #=2
C 262 73 5 0
A 440 600 10 1 1 3 #=1
I 216 CAP_0402 1 310 580 0 1 '
|R 21:36_5-24-04
A 360 580 10 0 3 3 PKG_TYPE=C0402
A 360 590 10 0 3 3 VALUE=0.047UF
A 360 600 10 0 3 3 REFDES=C301
C 263 93 6 0
A 330 590 10 5 1 3 #=2
C 262 72 5 0
A 330 600 10 1 1 3 #=1
I 217 CAP_0402 1 200 580 0 1 '
|R 21:36_5-24-04
A 250 580 10 0 3 3 PKG_TYPE=C0402
A 250 590 10 0 3 3 VALUE=0.047UF
A 250 600 10 0 3 3 REFDES=C302
C 263 95 6 0
A 220 590 10 5 1 3 #=2
C 262 71 5 0
A 220 600 10 1 1 3 #=1
I 218 CAP_0402 1 970 650 0 1 '
|R 21:36_5-24-04
A 1020 650 10 0 3 3 PKG_TYPE=C0402
A 1020 660 10 0 3 3 VALUE=0.047UF
A 1020 670 10 0 3 3 REFDES=C285
C 263 65 6 0
A 990 660 10 5 1 3 #=2
C 262 62 5 0
A 990 670 10 1 1 3 #=1
I 219 CAP_0402 1 860 650 0 1 '
|R 21:36_5-24-04
A 910 650 10 0 3 3 PKG_TYPE=C0402
A 910 660 10 0 3 3 VALUE=0.047UF
A 910 670 10 0 3 3 REFDES=C286
C 263 67 6 0
A 880 660 10 5 1 3 #=2
C 262 61 5 0
A 880 670 10 1 1 3 #=1
I 220 CAP_0402 1 750 650 0 1 '
|R 21:36_5-24-04
A 800 650 10 0 3 3 PKG_TYPE=C0402
A 800 660 10 0 3 3 VALUE=0.047UF
A 800 670 10 0 3 3 REFDES=C287
C 263 69 6 0
A 770 660 10 5 1 3 #=2
C 262 60 5 0
A 770 670 10 1 1 3 #=1
I 221 CAP_0402 1 640 650 0 1 '
|R 21:36_5-24-04
A 690 650 10 0 3 3 PKG_TYPE=C0402
A 690 660 10 0 3 3 VALUE=0.047UF
A 690 670 10 0 3 3 REFDES=C288
C 263 71 6 0
A 660 660 10 5 1 3 #=2
C 262 59 5 0
A 660 670 10 1 1 3 #=1
I 222 CAP_0402 1 530 650 0 1 '
|R 21:36_5-24-04
A 580 650 10 0 3 3 PKG_TYPE=C0402
A 580 660 10 0 3 3 VALUE=0.047UF
A 580 670 10 0 3 3 REFDES=C289
C 263 73 6 0
A 550 660 10 5 1 3 #=2
C 262 58 5 0
A 550 670 10 1 1 3 #=1
I 223 CAP_0402 1 420 650 0 1 '
|R 21:36_5-24-04
A 470 650 10 0 3 3 PKG_TYPE=C0402
A 470 660 10 0 3 3 VALUE=0.047UF
A 470 670 10 0 3 3 REFDES=C290
C 263 75 6 0
A 440 660 10 5 1 3 #=2
C 262 57 5 0
A 440 670 10 1 1 3 #=1
I 224 CAP_0402 1 310 650 0 1 '
|R 21:36_5-24-04
A 360 650 10 0 3 3 PKG_TYPE=C0402
A 360 660 10 0 3 3 VALUE=0.047UF
A 360 670 10 0 3 3 REFDES=C291
C 263 77 6 0
A 330 660 10 5 1 3 #=2
C 262 56 5 0
A 330 670 10 1 1 3 #=1
I 225 CAP_0402 1 200 650 0 1 '
|R 21:36_5-24-04
A 250 650 10 0 3 3 PKG_TYPE=C0402
A 250 660 10 0 3 3 VALUE=0.047UF
A 250 670 10 0 3 3 REFDES=C292
C 263 79 6 0
A 220 660 10 5 1 3 #=2
C 262 55 5 0
A 220 670 10 1 1 3 #=1
I 226 CAP_0402 1 970 720 0 1 '
|R 21:36_5-24-04
A 1020 720 10 0 3 3 PKG_TYPE=C0402
A 1020 730 10 0 3 3 VALUE=0.047UF
A 1020 740 10 0 3 3 REFDES=C280
C 263 49 6 0
A 990 730 10 5 1 3 #=2
C 262 46 5 0
A 990 740 10 1 1 3 #=1
I 227 CAP_0402 1 860 720 0 1 '
|R 21:36_5-24-04
A 910 720 10 0 3 3 PKG_TYPE=C0402
A 910 730 10 0 3 3 VALUE=0.047UF
A 910 740 10 0 3 3 REFDES=C279
C 263 51 6 0
A 880 730 10 5 1 3 #=2
C 262 45 5 0
A 880 740 10 1 1 3 #=1
I 228 CAP_0402 1 750 720 0 1 '
|R 21:36_5-24-04
A 800 720 10 0 3 3 PKG_TYPE=C0402
A 800 730 10 0 3 3 VALUE=0.047UF
A 800 740 10 0 3 3 REFDES=C278
C 263 53 6 0
A 770 730 10 5 1 3 #=2
C 262 44 5 0
A 770 740 10 1 1 3 #=1
I 229 CAP_0402 1 640 720 0 1 '
|R 21:36_5-24-04
A 690 720 10 0 3 3 PKG_TYPE=C0402
A 690 730 10 0 3 3 VALUE=0.047UF
A 690 740 10 0 3 3 REFDES=C277
C 263 55 6 0
A 660 730 10 5 1 3 #=2
C 262 43 5 0
A 660 740 10 1 1 3 #=1
I 230 CAP_0402 1 530 720 0 1 '
|R 21:36_5-24-04
A 580 720 10 0 3 3 PKG_TYPE=C0402
A 580 730 10 0 3 3 VALUE=0.047UF
A 580 740 10 0 3 3 REFDES=C276
C 263 57 6 0
A 550 730 10 5 1 3 #=2
C 262 42 5 0
A 550 740 10 1 1 3 #=1
I 231 CAP_0402 1 420 720 0 1 '
|R 21:36_5-24-04
A 470 720 10 0 3 3 PKG_TYPE=C0402
A 470 730 10 0 3 3 VALUE=0.047UF
A 470 740 10 0 3 3 REFDES=C275
C 263 59 6 0
A 440 730 10 5 1 3 #=2
C 262 41 5 0
A 440 740 10 1 1 3 #=1
I 232 CAP_0402 1 310 720 0 1 '
|R 21:36_5-24-04
A 360 720 10 0 3 3 PKG_TYPE=C0402
A 360 730 10 0 3 3 VALUE=0.047UF
A 360 740 10 0 3 3 REFDES=C274
C 263 61 6 0
A 330 730 10 5 1 3 #=2
C 262 40 5 0
A 330 740 10 1 1 3 #=1
I 233 CAP_0402 1 970 790 0 1 '
|R 21:36_5-24-04
A 1020 790 10 0 3 3 PKG_TYPE=C0402
A 1020 800 10 0 3 3 VALUE=0.22UF
A 1020 810 10 0 3 3 REFDES=C265
C 263 33 6 0
A 990 800 10 5 1 3 #=2
C 262 30 5 0
A 990 810 10 1 1 3 #=1
I 234 CAP_0402 1 860 790 0 1 '
|R 21:36_5-24-04
A 910 790 10 0 3 3 PKG_TYPE=C0402
A 910 800 10 0 3 3 VALUE=0.22UF
A 910 810 10 0 3 3 REFDES=C266
C 263 35 6 0
A 880 800 10 5 1 3 #=2
C 262 29 5 0
A 880 810 10 1 1 3 #=1
I 235 CAP_0402 1 750 790 0 1 '
|R 21:36_5-24-04
A 800 790 10 0 3 3 PKG_TYPE=C0402
A 800 800 10 0 3 3 VALUE=0.22UF
A 800 810 10 0 3 3 REFDES=C267
C 263 37 6 0
A 770 800 10 5 1 3 #=2
C 262 28 5 0
A 770 810 10 1 1 3 #=1
I 236 CAP_0402 1 640 790 0 1 '
|R 21:36_5-24-04
A 690 790 10 0 3 3 PKG_TYPE=C0402
A 690 800 10 0 3 3 VALUE=0.22UF
A 690 810 10 0 3 3 REFDES=C268
C 263 39 6 0
A 660 800 10 5 1 3 #=2
C 262 27 5 0
A 660 810 10 1 1 3 #=1
I 237 CAP_0402 1 530 790 0 1 '
|R 21:36_5-24-04
A 580 790 10 0 3 3 PKG_TYPE=C0402
A 580 800 10 0 3 3 VALUE=0.22UF
A 580 810 10 0 3 3 REFDES=C269
C 263 41 6 0
A 550 800 10 5 1 3 #=2
C 262 26 5 0
A 550 810 10 1 1 3 #=1
I 238 CAP_0402 1 420 790 0 1 '
|R 21:36_5-24-04
A 470 790 10 0 3 3 PKG_TYPE=C0402
A 470 800 10 0 3 3 VALUE=0.22UF
A 470 810 10 0 3 3 REFDES=C270
C 263 43 6 0
A 440 800 10 5 1 3 #=2
C 262 25 5 0
A 440 810 10 1 1 3 #=1
I 239 CAP_0402 1 310 790 0 1 '
|R 21:36_5-24-04
A 360 790 10 0 3 3 PKG_TYPE=C0402
A 360 800 10 0 3 3 VALUE=0.22UF
A 360 810 10 0 3 3 REFDES=C271
C 263 45 6 0
A 330 800 10 5 1 3 #=2
C 262 24 5 0
A 330 810 10 1 1 3 #=1
I 240 CAP_0402 1 200 790 0 1 '
|R 21:36_5-24-04
A 250 790 10 0 3 3 PKG_TYPE=C0402
A 250 800 10 0 3 3 VALUE=0.22UF
A 250 810 10 0 3 3 REFDES=C272
C 263 47 6 0
A 220 800 10 5 1 3 #=2
C 262 23 5 0
A 220 810 10 1 1 3 #=1
I 241 CAP_0402 1 970 860 0 1 '
|R 21:36_5-24-04
A 1020 860 10 0 3 3 PKG_TYPE=C0402
A 1020 870 10 0 3 3 VALUE=0.22UF
A 1020 880 10 0 3 3 REFDES=C255
C 263 17 6 0
A 990 870 10 5 1 3 #=2
C 262 14 5 0
A 990 880 10 1 1 3 #=1
I 242 CAP_0402 1 860 860 0 1 '
|R 21:36_5-24-04
A 910 860 10 0 3 3 PKG_TYPE=C0402
A 910 870 10 0 3 3 VALUE=0.22UF
A 910 880 10 0 3 3 REFDES=C256
C 263 19 6 0
A 880 870 10 5 1 3 #=2
C 262 13 5 0
A 880 880 10 1 1 3 #=1
I 243 CAP_0402 1 750 860 0 1 '
|R 21:36_5-24-04
A 800 860 10 0 3 3 PKG_TYPE=C0402
A 800 870 10 0 3 3 VALUE=0.22UF
A 800 880 10 0 3 3 REFDES=C257
C 263 21 6 0
A 770 870 10 5 1 3 #=2
C 262 12 5 0
A 770 880 10 1 1 3 #=1
I 244 CAP_0402 1 640 860 0 1 '
|R 21:36_5-24-04
A 690 860 10 0 3 3 PKG_TYPE=C0402
A 690 870 10 0 3 3 VALUE=0.22UF
A 690 880 10 0 3 3 REFDES=C258
C 263 23 6 0
A 660 870 10 5 1 3 #=2
C 262 11 5 0
A 660 880 10 1 1 3 #=1
I 245 CAP_0402 1 530 860 0 1 '
|R 21:36_5-24-04
A 580 860 10 0 3 3 PKG_TYPE=C0402
A 580 870 10 0 3 3 VALUE=0.22UF
A 580 880 10 0 3 3 REFDES=C259
C 263 25 6 0
A 550 870 10 5 1 3 #=2
C 262 10 5 0
A 550 880 10 1 1 3 #=1
I 246 CAP_0402 1 420 860 0 1 '
|R 21:36_5-24-04
A 470 860 10 0 3 3 PKG_TYPE=C0402
A 470 870 10 0 3 3 VALUE=0.22UF
A 470 880 10 0 3 3 REFDES=C260
C 263 27 6 0
A 440 870 10 5 1 3 #=2
C 262 9 5 0
A 440 880 10 1 1 3 #=1
I 247 CAP_0402 1 310 860 0 1 '
|R 21:36_5-24-04
A 360 860 10 0 3 3 PKG_TYPE=C0402
A 360 870 10 0 3 3 VALUE=0.22UF
A 360 880 10 0 3 3 REFDES=C261
C 263 29 6 0
A 330 870 10 5 1 3 #=2
C 262 8 5 0
A 330 880 10 1 1 3 #=1
I 248 CAP_0402 1 200 860 0 1 '
|R 21:36_5-24-04
A 250 860 10 0 3 3 PKG_TYPE=C0402
A 250 870 10 0 3 3 VALUE=0.22UF
A 250 880 10 0 3 3 REFDES=C262
C 263 31 6 0
A 220 870 10 5 1 3 #=2
C 262 7 5 0
A 220 880 10 1 1 3 #=1
I 249 CAP_0402 1 970 930 0 1 '
|R 21:36_5-24-04
A 1020 930 10 0 3 3 PKG_TYPE=C0402
A 1020 940 10 0 3 3 VALUE=0.22UF
A 1020 950 10 0 3 3 REFDES=C250
C 263 1 6 0
A 990 940 10 5 1 3 #=2
C 262 98 5 0
A 990 950 10 1 1 3 #=1
I 250 CAP_0402 1 860 930 0 1 '
|R 21:36_5-24-04
A 910 930 10 0 3 3 PKG_TYPE=C0402
A 910 940 10 0 3 3 VALUE=0.22UF
A 910 950 10 0 3 3 REFDES=C249
C 263 3 6 0
A 880 940 10 5 1 3 #=2
C 262 100 5 0
A 880 950 10 1 1 3 #=1
I 251 CAP_0402 1 750 930 0 1 '
|R 21:36_5-24-04
A 800 930 10 0 3 3 PKG_TYPE=C0402
A 800 940 10 0 3 3 VALUE=0.22UF
A 800 950 10 0 3 3 REFDES=C248
C 263 5 6 0
A 770 940 10 5 1 3 #=2
C 262 97 5 0
A 770 950 10 1 1 3 #=1
I 252 CAP_0402 1 640 930 0 1 '
|R 21:36_5-24-04
A 690 930 10 0 3 3 PKG_TYPE=C0402
A 690 940 10 0 3 3 VALUE=0.22UF
A 690 950 10 0 3 3 REFDES=C247
C 263 7 6 0
A 660 940 10 5 1 3 #=2
C 262 96 5 0
A 660 950 10 1 1 3 #=1
I 253 CAP_0402 1 530 930 0 1 '
|R 21:36_5-24-04
A 580 930 10 0 3 3 PKG_TYPE=C0402
A 580 940 10 0 3 3 VALUE=0.22UF
A 580 950 10 0 3 3 REFDES=C246
C 263 9 6 0
A 550 940 10 5 1 3 #=2
C 262 95 5 0
A 550 950 10 1 1 3 #=1
I 254 CAP_0402 1 420 930 0 1 '
|R 21:36_5-24-04
A 470 930 10 0 3 3 PKG_TYPE=C0402
A 470 940 10 0 3 3 VALUE=0.22UF
A 470 950 10 0 3 3 REFDES=C245
C 263 11 6 0
A 440 940 10 5 1 3 #=2
C 262 94 5 0
A 440 950 10 1 1 3 #=1
I 255 CAP_0402 1 310 930 0 1 '
|R 21:36_5-24-04
A 360 930 10 0 3 3 PKG_TYPE=C0402
A 360 940 10 0 3 3 VALUE=0.22UF
A 360 950 10 0 3 3 REFDES=C244
C 263 13 6 0
A 330 940 10 5 1 3 #=2
C 262 93 5 0
A 330 950 10 1 1 3 #=1
I 256 CAP_0402 1 200 930 0 1 '
|R 21:36_5-24-04
A 250 930 10 0 3 3 PKG_TYPE=C0402
A 250 940 10 0 3 3 VALUE=0.22UF
A 250 950 10 0 3 3 REFDES=C303
C 263 15 6 0
A 220 940 10 5 1 3 #=2
C 262 92 5 0
A 220 950 10 1 1 3 #=1
I 257 CAP_0402 1 200 720 0 1 '
|R 21:36_5-24-04
A 250 720 10 0 3 3 PKG_TYPE=C0402
A 250 730 10 0 3 3 VALUE=0.047UF
A 250 740 10 0 3 3 REFDES=C273
C 263 63 6 0
A 220 730 10 5 1 3 #=2
C 262 39 5 0
A 220 740 10 1 1 3 #=1
I 261 DDR2_VREF 1 160 1080 0 1 '
|R 15:37_10-24-05
C 262 110 2 0
I 264 GND 1 180 480 0 1 '
|R 20:19_12-11-03
C 263 97 1 0
I 186 DDR2_VCC1V8 1 140 1510 0 1 '
|R 18:27_11-11-05
C 282 20 2 0
I 1 CSHEET 1 0 0 0 1 '
|R 15:48_8-9-04
A 1827 128 28 0 6 0 @NAME=ML555_PCIE
A 1332 54 10 0 3 3 AUTHOR=DAVID NAYLOR
A 1652 52 10 0 3 3 @SHEET=34
A 1872 52 15 0 3 3 @DATETIME=6-30-2006_14:11
A 1702 52 10 0 3 3 @SHEETTOTAL=37
I 271 CAPT_B_3528 1 190 1450 0 1 '
|R 17:56_11-10-03
A 215 1465 10 0 3 3 VALUE=47UF
A 215 1475 10 0 3 3 REFDES=C51
C 282 10 4 0
A 185 1475 10 0 3 3 #=1
C 277 13 3 0
A 185 1450 10 0 3 3 #=2
I 266 CAPT_B_3528 1 300 1450 0 1 '
|R 17:56_11-10-03
A 325 1465 10 0 3 3 VALUE=47UF
A 325 1475 10 0 3 3 REFDES=C226
C 282 11 4 0
A 295 1475 10 0 3 3 #=1
C 277 20 3 0
A 295 1450 10 0 3 3 #=2
I 267 CAPT_B_3528 1 410 1450 0 1 '
|R 17:56_11-10-03
A 435 1465 10 0 3 3 VALUE=47UF
A 435 1475 10 0 3 3 REFDES=C227
C 282 12 4 0
A 405 1475 10 0 3 3 #=1
C 277 18 3 0
A 405 1450 10 0 3 3 #=2
I 142 CAP_0805 1 180 1380 0 1 '
|R 20:11_11-19-03
A 230 1380 10 0 3 3 PKG_TYPE=C0805
A 230 1390 10 0 3 3 VALUE=DNA
A 230 1400 10 0 3 3 REFDES=C241
C 277 9 6 0
A 200 1390 10 5 1 3 #=2
C 282 4 5 0
A 200 1400 10 1 1 3 #=1
I 141 CAP_0805 1 290 1380 0 1 '
|R 20:11_11-19-03
A 340 1380 10 0 3 3 PKG_TYPE=C0805
A 340 1390 10 0 3 3 VALUE=DNA
A 340 1400 10 0 3 3 REFDES=C240
C 277 10 6 0
A 310 1390 10 5 1 3 #=2
C 282 25 5 0
A 310 1400 10 1 1 3 #=1
I 278 CAP_0402 1 180 1310 0 1 '
|R 21:36_5-24-04
A 230 1310 10 0 3 3 PKG_TYPE=C0402
A 230 1320 10 0 3 3 VALUE=DNA
A 230 1330 10 0 3 3 REFDES=C146
C 277 5 6 0
A 200 1320 10 5 1 3 #=2
C 282 5 5 0
A 200 1330 10 1 1 3 #=1
I 279 CAP_0402 1 290 1310 0 1 '
|R 21:36_5-24-04
A 340 1310 10 0 3 3 PKG_TYPE=C0402
A 340 1320 10 0 3 3 VALUE=DNA
A 340 1330 10 0 3 3 REFDES=C145
C 277 6 6 0
A 310 1320 10 5 1 3 #=2
C 282 6 5 0
A 310 1330 10 1 1 3 #=1
I 280 CAP_0402 1 400 1310 0 1 '
|R 21:36_5-24-04
A 450 1310 10 0 3 3 PKG_TYPE=C0402
A 450 1320 10 0 3 3 VALUE=DNA
A 450 1330 10 0 3 3 REFDES=C148
C 277 2 6 0
A 420 1320 10 5 1 3 #=2
C 282 1 5 0
A 420 1330 10 1 1 3 #=1
I 281 CAP_0402 1 510 1310 0 1 '
|R 21:36_5-24-04
A 560 1310 10 0 3 3 PKG_TYPE=C0402
A 560 1320 10 0 3 3 VALUE=DNA
A 560 1330 10 0 3 3 REFDES=C149
C 277 26 6 0
A 530 1320 10 5 1 3 #=2
C 282 26 5 0
A 530 1330 10 1 1 3 #=1
I 135 GND 1 160 1250 0 1 '
|R 20:19_12-11-03
C 277 1 1 0
N 310
J 830 1485 2
J 830 1500 3
J 780 1510 2
J 780 1500 5
J 830 1410 2
J 830 1420 3
J 780 1420 5
J 780 1350 3
J 940 1340 2
J 940 1350 3
J 830 1350 5
J 830 1340 2
S 1 2
S 4 2
S 4 3
S 7 4
S 5 6
S 7 6
S 8 7
S 8 11
S 9 10
S 11 10
S 12 11
N 311
J 800 1270 2
J 830 1380 2
J 830 1370 3
J 830 1450 2
J 830 1440 3
J 800 1440 3
J 800 1370 5
J 800 1300 5
J 830 1310 2
J 830 1300 5
J 940 1300 3
J 940 1310 2
S 1 8
S 3 2
S 7 3
S 5 4
S 6 5
S 7 6
S 8 7
S 8 10
S 10 9
S 10 11
S 11 12
N 314
J 1470 1465 2
J 1470 1480 3
J 1420 1490 2
J 1420 1480 5
J 1470 1390 2
J 1470 1400 3
J 1420 1400 5
J 1420 1330 3
J 1580 1320 2
J 1580 1330 3
J 1470 1330 5
J 1470 1320 2
S 1 2
S 4 2
S 4 3
S 7 4
S 5 6
S 7 6
S 8 7
S 8 11
S 9 10
S 11 10
S 12 11
N 315
J 1440 1250 2
J 1470 1360 2
J 1470 1350 3
J 1470 1430 2
J 1470 1420 3
J 1440 1420 3
J 1440 1350 5
J 1440 1280 5
J 1470 1290 2
J 1470 1280 5
J 1580 1280 3
J 1580 1290 2
S 1 8
S 3 2
S 7 3
S 5 4
S 6 5
S 7 6
S 8 7
S 8 10
S 10 9
S 10 11
S 11 12
I 268 CAPT_B_3528 1 520 1450 0 1 '
|R 17:56_11-10-03
A 545 1465 10 0 3 3 VALUE=47UF
A 545 1475 10 0 3 3 REFDES=C229
C 282 15 4 0
A 515 1475 10 0 3 3 #=1
C 277 16 3 0
A 515 1450 10 0 3 3 #=2
I 269 CAPT_B_3528 1 630 1450 0 1 '
|R 17:56_11-10-03
A 655 1465 10 0 3 3 VALUE=DNA
A 655 1475 10 0 3 3 REFDES=C221
C 282 13 4 0
A 625 1475 10 0 3 3 #=1
C 277 14 3 0
A 625 1450 10 0 3 3 #=2
I 291 CAPT_B_3528 1 820 1450 0 1 '
|R 17:56_11-10-03
A 845 1465 10 0 3 3 VALUE=47UF
A 845 1475 10 0 3 3 REFDES=C16
C 310 1 4 0
A 815 1475 10 0 3 3 #=1
C 311 4 3 0
A 815 1450 10 0 3 3 #=2
I 292 CAP_0805 1 810 1380 0 1 '
|R 20:11_11-19-03
A 860 1380 10 0 3 3 PKG_TYPE=C0805
A 860 1390 10 0 3 3 VALUE=DNA
A 860 1400 10 0 3 3 REFDES=C25
C 311 2 6 0
A 830 1390 10 5 1 3 #=2
C 310 5 5 0
A 830 1400 10 1 1 3 #=1
I 294 CAP_0402 1 810 1310 0 1 '
|R 21:36_5-24-04
A 860 1310 10 0 3 3 PKG_TYPE=C0402
A 860 1320 10 0 3 3 VALUE=DNA
A 860 1330 10 0 3 3 REFDES=C26
C 311 9 6 0
A 830 1320 10 5 1 3 #=2
C 310 12 5 0
A 830 1330 10 1 1 3 #=1
I 295 CAP_0402 1 920 1310 0 1 '
|R 21:36_5-24-04
A 970 1310 10 0 3 3 PKG_TYPE=C0402
A 970 1320 10 0 3 3 VALUE=DNA
A 970 1330 10 0 3 3 REFDES=C45
C 311 12 6 0
A 940 1320 10 5 1 3 #=2
C 310 9 5 0
A 940 1330 10 1 1 3 #=1
I 302 CAPT_B_3528 1 1460 1430 0 1 '
|R 17:56_11-10-03
A 1485 1445 10 0 3 3 VALUE=47UF
A 1485 1455 10 0 3 3 REFDES=C46
C 314 1 4 0
A 1455 1455 10 0 3 3 #=1
C 315 4 3 0
A 1455 1430 10 0 3 3 #=2
I 303 CAP_0805 1 1450 1360 0 1 '
|R 20:11_11-19-03
A 1500 1360 10 0 3 3 PKG_TYPE=C0805
A 1500 1370 10 0 3 3 VALUE=DNA
A 1500 1380 10 0 3 3 REFDES=C47
C 315 2 6 0
A 1470 1370 10 5 1 3 #=2
C 314 5 5 0
A 1470 1380 10 1 1 3 #=1
I 305 CAP_0402 1 1450 1290 0 1 '
|R 21:36_5-24-04
A 1500 1290 10 0 3 3 PKG_TYPE=C0402
A 1500 1300 10 0 3 3 VALUE=DNA
A 1500 1310 10 0 3 3 REFDES=C74
C 315 9 6 0
A 1470 1300 10 5 1 3 #=2
C 314 12 5 0
A 1470 1310 10 1 1 3 #=1
I 306 CAP_0402 1 1560 1290 0 1 '
|R 21:36_5-24-04
A 1610 1290 10 0 3 3 PKG_TYPE=C0402
A 1610 1300 10 0 3 3 VALUE=DNA
A 1610 1310 10 0 3 3 REFDES=C76
C 315 12 6 0
A 1580 1300 10 5 1 3 #=2
C 314 9 5 0
A 1580 1310 10 1 1 3 #=1
I 323 CAPT_B_3528 1 1300 1000 0 1 '
|R 17:56_11-10-03
A 1325 1015 10 0 3 3 VALUE=47UF
A 1325 1025 10 0 3 3 REFDES=C77
C 319 3 4 0
A 1295 1025 10 0 3 3 #=1
C 318 13 3 0
A 1295 1000 10 0 3 3 #=2
I 324 CAPT_B_3528 1 1410 1000 0 1 '
|R 17:56_11-10-03
A 1435 1015 10 0 3 3 VALUE=47UF
A 1435 1025 10 0 3 3 REFDES=C78
C 319 4 4 0
A 1405 1025 10 0 3 3 #=1
C 318 20 3 0
A 1405 1000 10 0 3 3 #=2
I 325 CAPT_B_3528 1 1520 1000 0 1 '
|R 17:56_11-10-03
A 1545 1015 10 0 3 3 VALUE=47UF
A 1545 1025 10 0 3 3 REFDES=C80
C 319 5 4 0
A 1515 1025 10 0 3 3 #=1
C 318 18 3 0
A 1515 1000 10 0 3 3 #=2
I 320 CAPT_B_3528 1 1630 1000 0 1 '
|R 17:56_11-10-03
A 1655 1015 10 0 3 3 VALUE=47UF
A 1655 1025 10 0 3 3 REFDES=C86
C 319 8 4 0
A 1625 1025 10 0 3 3 #=1
C 318 16 3 0
A 1625 1000 10 0 3 3 #=2
I 321 CAPT_B_3528 1 1740 1000 0 1 '
|R 17:56_11-10-03
A 1765 1015 10 0 3 3 VALUE=DNA
A 1765 1025 10 0 3 3 REFDES=C87
C 319 6 4 0
A 1735 1025 10 0 3 3 #=1
C 318 14 3 0
A 1735 1000 10 0 3 3 #=2
I 326 CAP_0805 1 1290 930 0 1 '
|R 20:11_11-19-03
A 1340 930 10 0 3 3 PKG_TYPE=C0805
A 1340 940 10 0 3 3 VALUE=DNA
A 1340 950 10 0 3 3 REFDES=C89
C 318 9 6 0
A 1310 940 10 5 1 3 #=2
C 319 15 5 0
A 1310 950 10 1 1 3 #=1
I 327 CAP_0805 1 1400 930 0 1 '
|R 20:11_11-19-03
A 1450 930 10 0 3 3 PKG_TYPE=C0805
A 1450 940 10 0 3 3 VALUE=DNA
A 1450 950 10 0 3 3 REFDES=C90
C 318 10 6 0
A 1420 940 10 5 1 3 #=2
C 319 16 5 0
A 1420 950 10 1 1 3 #=1
I 328 CAP_0402 1 1290 860 0 1 '
|R 21:36_5-24-04
A 1340 860 10 0 3 3 PKG_TYPE=C0402
A 1340 870 10 0 3 3 VALUE=DNA
A 1340 880 10 0 3 3 REFDES=C91
C 318 1 6 0
A 1310 870 10 5 1 3 #=2
C 319 2 5 0
A 1310 880 10 1 1 3 #=1
I 329 CAP_0402 1 1400 860 0 1 '
|R 21:36_5-24-04
A 1450 860 10 0 3 3 PKG_TYPE=C0402
A 1450 870 10 0 3 3 VALUE=DNA
A 1450 880 10 0 3 3 REFDES=C92
C 318 6 6 0
A 1420 870 10 5 1 3 #=2
C 319 1 5 0
A 1420 880 10 1 1 3 #=1
I 330 CAP_0402 1 1510 860 0 1 '
|R 21:36_5-24-04
A 1560 860 10 0 3 3 PKG_TYPE=C0402
A 1560 870 10 0 3 3 VALUE=DNA
A 1560 880 10 0 3 3 REFDES=C93
C 318 2 6 0
A 1530 870 10 5 1 3 #=2
C 319 26 5 0
A 1530 880 10 1 1 3 #=1
I 331 CAP_0402 1 1620 860 0 1 '
|R 21:36_5-24-04
A 1670 860 10 0 3 3 PKG_TYPE=C0402
A 1670 870 10 0 3 3 VALUE=DNA
A 1670 880 10 0 3 3 REFDES=C94
C 318 3 6 0
A 1640 870 10 5 1 3 #=2
C 319 23 5 0
A 1640 880 10 1 1 3 #=1
T 1360 1060 20 0 3 6.0V Kemet T520B476M006ATE070
Q 5 5 0
T 1550 1450 20 0 3 6.0V Kemet T520B476M006ATE070
Q 5 5 0
T 910 1470 20 0 3 6.0V Kemet T520B476M006ATE070
Q 5 5 0
T 100 85 30 0 3 0.9VRegulator Vtt (84 PullUp R's on Sht20)
T 350 1085 34 0 3 +0.9V DDR2 Memory Vtt
T 95 230 34 0 3 Decoupling Caps for:
T 95 285 34 0 3 Decoupling CAPS Page 3:
T 95 180 34 0 3 1.8V Reg.Mem.SODIMM+FPGA Bank Vcco
T 250 1510 20 0 3 6.0V Kemet T520B476M006ATE070
Q 5 5 0
T 130 1550 34 0 3 1.8V FPGA Vcco (Mem I/F)
Q 5 5 0
T 1240 1100 34 0 3 1.8V Mem SODIMM
Q 5 5 0
T 95 130 34 0 3 1.8V Reg.PF Vccint
T 520 1020 20 0 3 2.5V Kemet T520V337M2R5ATE025
Q 5 5 0
T 695 1560 34 0 3 1.8V PF U1 Vccint
T 1335 1555 34 0 3 1.8V PF U15 Vccint
I 333 CAPT_D_7343_2V 1 210 1000 0 1 '
|R 16:10_5-26-06
A 235 1015 10 0 3 3 VALUE=330UF
A 235 1025 10 0 3 3 REFDES=C242
C 262 5 4 0
A 205 1025 10 0 3 3 #=1
C 263 110 3 0
A 205 1000 10 0 3 3 #=2
I 334 CAPT_D_7343_2V 1 320 1000 0 1 '
|R 16:10_5-26-06
A 345 1015 10 0 3 3 VALUE=330UF
A 345 1025 10 0 3 3 REFDES=C243
C 262 1 4 0
A 315 1025 10 0 3 3 #=1
C 263 107 3 0
A 315 1000 10 0 3 3 #=2
I 335 CAPT_D_7343_2V 1 420 1000 0 1 '
|R 16:10_5-26-06
A 445 1015 10 0 3 3 VALUE=330UF
A 445 1025 10 0 3 3 REFDES=C304
C 262 2 4 0
A 415 1025 10 0 3 3 #=1
C 263 105 3 0
A 415 1000 10 0 3 3 #=2
E
