V 51
K 14050350590 ml555_pcie
Y 0
D 0 0 2200 1700
Z 2
i 341
N 333
J 740 410 2
J 740 400 2
S 2 1
I 332 sk_lvds_lib:GND 1 730 380 0 1 '
|R 20:19_12-11-03
C 333 2 1 0
N 329
J 520 680 2
J 520 700 3
J 580 700 3
J 580 690 2
S 1 2
S 2 3
S 4 3
N 212
J 600 910 2
J 660 1070 2
J 660 1050 2
J 660 1030 2
J 660 1010 2
J 660 990 2
J 660 970 2
J 660 950 2
J 660 930 2
J 600 930 5
J 600 950 5
J 600 970 5
J 600 990 5
J 600 1010 5
J 600 1030 5
J 600 1050 5
J 600 1070 5
J 660 1110 2
J 660 1150 2
J 660 1170 2
J 660 1190 2
J 660 1210 2
J 660 1230 2
J 660 1250 2
J 660 1270 2
J 660 1290 2
J 660 1310 2
J 660 1330 2
J 660 1350 2
J 660 1370 2
J 660 1390 2
J 660 1410 2
J 660 1430 2
J 660 1450 2
J 660 1470 2
J 660 1490 2
J 660 1510 2
J 660 1530 2
J 660 1550 2
J 600 1550 3
J 600 1530 5
J 600 1510 5
J 600 1490 5
J 600 1470 5
J 600 1450 5
J 600 1430 5
J 600 1410 5
J 600 1390 5
J 600 1370 5
J 600 1350 5
J 600 1330 5
J 600 1310 5
J 600 1290 5
J 600 1270 5
J 600 1250 5
J 600 1230 5
J 600 1210 5
J 600 1190 5
J 600 1170 5
J 600 1150 5
J 660 1130 2
J 600 1130 5
J 600 1110 5
J 600 1090 5
J 660 1090 2
S 1 10
S 17 2
L 620 1070 10 6 3 1 1 0 GND
S 16 3
L 620 1050 10 6 3 1 1 0 GND
S 15 4
L 620 1030 10 6 3 1 1 0 GND
S 14 5
L 620 1010 10 6 3 1 1 0 GND
S 13 6
L 620 990 10 6 3 1 1 0 GND
S 12 7
L 620 970 10 6 3 1 1 0 GND
S 11 8
L 620 950 10 6 3 1 1 0 GND
S 10 9
L 620 930 10 6 3 1 1 0 GND
S 10 11
S 11 12
S 12 13
S 13 14
S 14 15
S 15 16
S 16 17
S 17 64
S 63 18
L 620 1110 10 6 3 1 1 0 GND
S 60 19
L 620 1150 10 6 3 1 1 0 GND
S 59 20
L 620 1170 10 6 3 1 1 0 GND
S 58 21
L 620 1190 10 6 3 1 1 0 GND
S 57 22
L 620 1210 10 6 3 1 1 0 GND
S 56 23
L 620 1230 10 6 3 1 1 0 GND
S 55 24
L 620 1250 10 6 3 1 1 0 GND
S 54 25
L 620 1270 10 6 3 1 1 0 GND
S 53 26
L 620 1290 10 6 3 1 1 0 GND
S 52 27
L 620 1310 10 6 3 1 1 0 GND
S 51 28
L 620 1330 10 6 3 1 1 0 GND
S 50 29
L 620 1350 10 6 3 1 1 0 GND
S 49 30
L 620 1370 10 6 3 1 1 0 GND
S 48 31
L 620 1390 10 6 3 1 1 0 GND
S 47 32
L 620 1410 10 6 3 1 1 0 GND
S 46 33
L 620 1430 10 6 3 1 1 0 GND
S 45 34
L 620 1450 10 6 3 1 1 0 GND
S 44 35
L 620 1470 10 6 3 1 1 0 GND
S 43 36
L 620 1490 10 6 3 1 1 0 GND
S 42 37
L 620 1510 10 6 3 1 1 0 GND
S 41 38
L 620 1530 10 6 3 1 1 0 GND
S 40 39
L 620 1550 10 6 3 1 1 0 GND
S 41 40
S 42 41
S 43 42
S 44 43
S 45 44
S 46 45
S 47 46
S 48 47
S 49 48
S 50 49
S 51 50
S 52 51
S 53 52
S 54 53
S 55 54
S 56 55
S 57 56
S 58 57
S 59 58
S 60 59
S 62 60
S 62 61
L 620 1130 10 6 3 1 1 0 GND
S 63 62
S 64 63
S 64 65
L 620 1090 10 6 3 1 1 0 GND
N 263
J 1380 530 2
J 1390 530 3
J 1390 515 2
S 1 2
S 3 2
N 264
J 1430 670 2
J 1430 680 2
S 1 2
N 266
J 1290 680 2
J 1290 670 2
S 2 1
N 268
J 1580 550 1
J 1380 550 2
S 2 1
L 1425 550 10 0 3 0 1 0 USB_TX
N 269
J 1580 580 1
J 1380 580 2
S 2 1
L 1425 580 10 0 3 0 1 0 USB_CTS_B
N 270
J 1580 620 1
J 1380 620 2
S 2 1
L 1425 620 10 0 3 0 1 0 USB_RST_B
N 271
J 1580 600 1
J 1380 600 2
S 2 1
L 1425 600 10 0 3 0 1 0 USB_DSR_B
N 272
J 1580 590 1
J 1380 590 2
S 2 1
L 1425 590 10 0 3 0 1 0 USB_RX
N 273
J 1580 570 1
J 1380 570 2
S 2 1
L 1425 570 10 0 3 0 1 0 USB_SUSPEND_B
N 274
J 1580 560 1
J 1380 560 2
S 2 1
L 1425 560 10 0 3 0 1 0 USB_DTR_B
N 275
J 1580 540 1
J 1380 540 2
S 2 1
L 1425 540 10 0 3 0 1 0 USB_RTS_B
N 276
J 1060 550 1
J 1260 550 2
S 1 2
L 1075 550 10 0 3 0 1 0 USB_TX_O
N 277
J 1060 580 1
J 1260 580 2
S 1 2
L 1075 580 10 0 3 0 1 0 USB_CTS_I_B
N 278
J 1060 620 1
J 1260 620 2
S 1 2
L 1075 620 10 0 3 0 1 0 USB_RST_I_B
N 279
J 1060 600 1
J 1260 600 2
S 1 2
L 1075 600 10 0 3 0 1 0 USB_DSR_I_B
N 280
J 1060 590 1
J 1260 590 2
S 1 2
L 1075 590 10 0 3 0 1 0 USB_RX_I
N 281
J 1060 570 1
J 1260 570 2
S 1 2
L 1075 570 10 0 3 0 1 0 USB_SUSPEND_O_B
N 282
J 1060 560 1
J 1260 560 2
S 1 2
L 1075 560 10 0 3 0 1 0 USB_DTR_O_B
N 283
J 1060 540 1
J 1260 540 2
S 1 2
L 1075 540 10 0 3 0 1 0 USB_RTS_O_B
N 292
J 950 370 1
J 650 330 2
J 650 370 5
J 650 410 2
S 3 1
L 780 370 10 0 3 0 1 0 USB_SUSPEND_O_B
S 2 3
S 3 4
N 293
J 200 570 2
J 220 570 3
J 220 590 3
J 260 590 3
J 260 580 2
S 1 2
S 2 3
S 3 4
S 5 4
N 294
J 200 550 2
J 520 550 2
S 1 2
N 295
J 200 530 2
J 520 530 2
S 1 2
N 296
J 310 720 2
J 520 510 2
J 520 490 2
J 500 490 3
J 500 510 5
J 370 490 2
J 370 510 5
J 310 510 5
J 310 350 3
J 410 350 2
S 8 1
S 5 2
S 4 3
S 4 5
S 7 5
S 6 7
S 8 7
S 9 8
S 9 10
N 297
J 950 710 1
J 710 710 3
J 710 690 2
S 2 1
L 790 710 10 0 3 0 1 0 USB_CTS_I_B
S 3 2
N 298
J 950 730 1
J 690 730 3
J 690 690 2
S 2 1
L 790 730 10 0 3 0 1 0 USB_RTS_O_B
S 3 2
N 299
J 950 750 1
J 670 750 3
J 670 690 2
S 2 1
L 790 750 10 0 3 0 1 0 USB_RX_I
S 3 2
N 300
J 950 770 1
J 650 770 3
J 650 690 2
S 2 1
L 790 770 10 0 3 0 1 0 USB_TX_O
S 3 2
N 301
J 950 790 1
J 630 790 3
J 630 690 2
S 2 1
L 790 790 10 0 3 0 1 0 USB_DSR_I_B
S 3 2
N 302
J 950 810 1
J 610 810 3
J 610 690 2
S 2 1
L 790 810 10 0 3 0 1 0 USB_DTR_O_B
S 3 2
N 305
J 200 510 2
J 220 510 3
J 220 390 3
J 590 390 3
J 590 410 2
S 1 2
S 3 2
S 3 4
S 4 5
N 306
J 480 350 2
J 610 410 2
J 610 350 5
J 950 350 1
S 1 3
S 3 2
S 3 4
L 780 350 10 0 3 0 1 0 USB_RST_I_B
N 314
J 740 220 2
J 740 240 3
J 650 240 3
J 650 260 2
S 1 2
S 3 2
S 3 4
I 284 sk_lvds_lib:GND 1 1380 495 0 1 '
|R 20:19_12-11-03
C 263 3 1 0
I 286 sk_lvds_lib:GND 1 1280 650 0 1 '
|R 20:19_12-11-03
C 266 2 1 0
I 287 ML555_Production_REV01:VCC2V5 1 1245 725 0 1 '
C 267 5 2 0
I 290 sk_lvds_lib:VCC33 1 1380 725 0 1 '
|R 1:54_12-11-01
C 265 3 2 0
I 291 sk_lvds_lib:GND 1 1420 650 0 1 '
|R 20:19_12-11-03
C 264 1 1 0
I 307 sk_lvds_lib:GND 1 250 560 0 1 '
|R 20:19_12-11-03
C 293 5 1 0
I 311 sk_lvds_lib:VCC33 1 300 720 0 1 '
|R 1:54_12-11-01
C 296 1 2 0
I 316 sk_lvds_lib:GND 1 730 200 0 1 '
|R 20:19_12-11-03
C 314 1 1 0
N 198
J 1340 950 2
J 1560 950 1
S 1 2
L 1550 960 10 2 3 0 1 0 P1_TXCTL_TXEN
N 200
J 1340 1270 2
J 1560 1270 1
S 1 2
L 1550 1280 10 2 3 0 1 0 P0_TXD7
N 202
J 740 1450 2
J 930 1450 1
S 1 2
L 920 1460 10 2 3 0 1 0 P0_RXD7
N 203
J 740 1430 2
J 930 1430 1
S 1 2
L 920 1440 10 2 3 0 1 0 P0_RXD6
N 204
J 740 1410 2
J 930 1410 1
S 1 2
L 920 1420 10 2 3 0 1 0 P0_RXD5
N 205
J 740 1390 2
J 930 1390 1
S 1 2
L 920 1400 10 2 3 0 1 0 P0_RXD4
N 206
J 740 1370 2
J 930 1370 1
S 1 2
L 920 1380 10 2 3 0 1 0 P0_RXCTL_RXDV
N 207
J 740 1330 2
J 930 1330 1
S 1 2
L 920 1340 10 2 3 0 1 0 P0_RD_RXD2
N 208
J 740 1270 2
J 930 1270 1
S 1 2
L 920 1280 10 2 3 0 1 0 P0_RD_RXD0
N 213
J 740 1030 2
J 930 1030 1
S 1 2
L 920 1040 10 2 3 0 1 0 P1_CRS
N 214
J 930 1230 1
J 740 1230 2
S 2 1
L 920 1240 10 2 3 0 1 0 P0_CRS
N 215
J 930 1090 1
J 740 1090 2
S 2 1
L 920 1100 10 2 3 0 1 0 P1_RD_RXD0
N 216
J 740 970 2
J 930 970 1
S 1 2
L 920 980 10 2 3 0 1 0 P1_RD_RXD1
N 217
J 930 1290 1
J 740 1290 2
S 2 1
L 920 1300 10 2 3 0 1 0 P0_RD_RXD1
N 218
J 740 1130 2
J 930 1130 1
S 1 2
L 920 1140 10 2 3 0 1 0 P1_RD_RXD2
N 219
J 740 990 2
J 930 990 1
S 1 2
L 920 1000 10 2 3 0 1 0 P1_RXCTL_RXDV
N 220
J 740 1170 2
J 930 1170 1
S 1 2
L 920 1180 10 2 3 0 1 0 P1_RXD4
N 221
J 930 1190 1
J 740 1190 2
S 2 1
L 920 1200 10 2 3 0 1 0 P1_RXD5
N 222
J 740 1210 2
J 930 1210 1
S 1 2
L 920 1220 10 2 3 0 1 0 P1_RXD6
N 223
J 740 1070 2
J 930 1070 1
S 1 2
L 920 1080 10 2 3 0 1 0 P1_RXD7
N 226
J 930 1150 1
J 740 1150 2
S 2 1
L 920 1160 10 2 3 0 1 0 P1_RD_RXD3
N 227
J 740 1490 2
J 930 1490 1
S 1 2
L 920 1500 10 2 3 0 1 0 P0_RD_RXD3
N 228
J 930 1050 1
J 740 1050 2
S 2 1
L 920 1060 10 2 3 0 1 0 P1_RXER
N 229
J 740 1510 2
J 930 1510 1
S 1 2
L 920 1520 10 2 3 0 1 0 P0_RXER
N 234
J 1340 1490 2
J 1560 1490 1
S 1 2
L 1550 1500 10 2 3 0 1 0 RESET_B
N 235
J 1340 1430 2
J 1560 1430 1
S 1 2
L 1550 1440 10 2 3 0 1 0 P0_TD_TXD0
N 236
J 1340 1410 2
J 1560 1410 1
S 1 2
L 1550 1420 10 2 3 0 1 0 P0_TD_TXD1
N 237
J 1340 1390 2
J 1560 1390 1
S 1 2
L 1550 1400 10 2 3 0 1 0 P0_TD_TXD2
N 238
J 1340 1370 2
J 1560 1370 1
S 1 2
L 1550 1380 10 2 3 0 1 0 P0_TD_TXD3
N 239
J 1340 1350 2
J 1560 1350 1
S 1 2
L 1550 1360 10 2 3 0 1 0 P0_TXD4
N 240
J 1340 1330 2
J 1560 1330 1
S 1 2
L 1550 1340 10 2 3 0 1 0 P0_TXD5
N 241
J 1340 1310 2
J 1560 1310 1
S 1 2
L 1550 1320 10 2 3 0 1 0 P0_TXD6
N 242
J 1340 1550 2
J 1560 1550 1
S 1 2
L 1550 1560 10 2 3 0 1 0 P0_TXER
N 243
J 1340 1290 2
J 1560 1290 1
S 1 2
L 1550 1300 10 2 3 0 1 0 P0_INT
N 244
J 1560 1230 1
J 1340 1230 2
S 2 1
L 1550 1240 10 2 3 0 1 0 P1_INT
N 245
J 1340 1210 2
J 1560 1210 1
S 1 2
L 1550 1220 10 2 3 0 1 0 P1_TXER
N 246
J 1340 1470 2
J 1560 1470 1
S 1 2
L 1550 1480 10 2 3 0 1 0 P0_MDIO
N 247
J 1560 1190 1
J 1340 1190 2
S 2 1
L 1550 1200 10 2 3 0 1 0 P1_MDIO
N 248
J 1560 1450 1
J 1340 1450 2
S 2 1
L 1550 1460 10 2 3 0 1 0 P0_MDC
N 249
J 1340 1170 2
J 1560 1170 1
S 1 2
L 1550 1180 10 2 3 0 1 0 P1_MDC
N 250
J 1340 1150 2
J 1560 1150 1
S 1 2
L 1550 1160 10 2 3 0 1 0 P1_TXD4
N 251
J 1340 1130 2
J 1560 1130 1
S 1 2
L 1550 1140 10 2 3 0 1 0 P1_TXD5
N 252
J 1340 1090 2
J 1560 1090 1
S 1 2
L 1550 1100 10 2 3 0 1 0 P1_TXD7
N 253
J 1340 1110 2
J 1560 1110 1
S 1 2
L 1550 1120 10 2 3 0 1 0 P1_TXD6
N 254
J 1340 1070 2
J 1560 1070 1
S 1 2
L 1550 1080 10 2 3 0 1 0 P1_TD_TXD0
N 255
J 1340 1030 2
J 1560 1030 1
S 1 2
L 1550 1040 10 2 3 0 1 0 P1_TD_TXD2
N 256
J 1340 1010 2
J 1560 1010 1
S 1 2
L 1550 1020 10 2 3 0 1 0 P1_TD_TXD3
N 257
J 1340 1250 2
J 1560 1250 1
S 1 2
L 1550 1260 10 2 3 0 1 0 P0_COL
N 258
J 1340 990 2
J 1560 990 1
S 1 2
L 1550 1000 10 2 3 0 1 0 P1_COL
N 260
J 1340 1530 2
J 1560 1530 1
S 1 2
L 1550 1540 10 2 3 0 1 0 P0_TXCTL_TXEN
N 261
J 1560 930 1
J 1340 930 2
S 2 1
L 1550 940 10 2 3 0 1 0 P1_TD_TXD1
I 197 ML555_Production_REV01:VCC2V5 1 1110 1570 0 1 '
C 211 65 2 0
I 105 ML555_Production_REV01:CSHEET 1 0 0 0 1 '
|R 15:48_8-9-04
A 1827 128 28 0 6 0 @NAME=ML555_PCIE
A 1332 54 10 0 3 3 AUTHOR=DAVID NAYLOR
A 1652 52 10 0 3 3 @SHEET=17
A 1872 52 15 0 3 3 @DATETIME=9-6-2006_11:43
A 1702 52 10 0 3 3 @SHEETTOTAL=37
N 209
J 1260 1050 2
J 1260 1030 2
J 1260 1010 2
J 1260 990 2
J 1260 970 2
J 1260 950 2
J 1260 930 2
J 1200 930 5
J 1200 950 5
J 1200 970 5
J 1200 990 5
J 1200 1010 5
J 1200 1030 5
J 1200 1050 5
J 1260 1110 2
J 1260 1150 2
J 1260 1170 2
J 1260 1190 2
J 1260 1210 2
J 1260 1230 2
J 1260 1250 2
J 1260 1270 2
J 1260 1290 2
J 1260 1310 2
J 1260 1330 2
J 1260 1350 2
J 1260 1370 2
J 1260 1390 2
J 1260 1410 2
J 1260 1430 2
J 1260 1450 2
J 1260 1470 2
J 1260 1490 2
J 1260 1510 2
J 1260 1530 2
J 1260 1550 2
J 1200 1550 3
J 1200 1530 5
J 1200 1510 5
J 1200 1490 5
J 1200 1470 5
J 1200 1450 5
J 1200 1430 5
J 1200 1410 5
J 1200 1390 5
J 1200 1370 5
J 1200 1350 5
J 1200 1330 5
J 1200 1310 5
J 1200 1290 5
J 1200 1270 5
J 1200 1250 5
J 1200 1230 5
J 1200 1210 5
J 1200 1190 5
J 1200 1170 5
J 1200 1150 5
J 1260 1130 2
J 1200 1130 5
J 1200 1110 5
J 1260 1090 2
J 1200 1090 5
J 1200 1070 5
J 1260 1070 2
J 1200 910 2
S 65 8
S 14 1
L 1220 1050 10 6 3 1 1 0 GND
S 13 2
L 1220 1030 10 6 3 1 1 0 GND
S 12 3
L 1220 1010 10 6 3 1 1 0 GND
S 11 4
L 1220 990 10 6 3 1 1 0 GND
S 10 5
L 1220 970 10 6 3 1 1 0 GND
S 9 6
L 1220 950 10 6 3 1 1 0 GND
S 8 7
L 1220 930 10 6 3 1 1 0 GND
S 8 9
S 9 10
S 10 11
S 11 12
S 12 13
S 13 14
S 14 63
S 60 15
L 1220 1110 10 6 3 1 1 0 GND
S 57 16
L 1220 1150 10 6 3 1 1 0 GND
S 56 17
L 1220 1170 10 6 3 1 1 0 GND
S 55 18
L 1220 1190 10 6 3 1 1 0 GND
S 54 19
L 1220 1210 10 6 3 1 1 0 GND
S 53 20
L 1220 1230 10 6 3 1 1 0 GND
S 52 21
L 1220 1250 10 6 3 1 1 0 GND
S 51 22
L 1220 1270 10 6 3 1 1 0 GND
S 50 23
L 1220 1290 10 6 3 1 1 0 GND
S 49 24
L 1220 1310 10 6 3 1 1 0 GND
S 48 25
L 1220 1330 10 6 3 1 1 0 GND
S 47 26
L 1220 1350 10 6 3 1 1 0 GND
S 46 27
L 1220 1370 10 6 3 1 1 0 GND
S 45 28
L 1220 1390 10 6 3 1 1 0 GND
S 44 29
L 1220 1410 10 6 3 1 1 0 GND
S 43 30
L 1220 1430 10 6 3 1 1 0 GND
S 42 31
L 1220 1450 10 6 3 1 1 0 GND
S 41 32
L 1220 1470 10 6 3 1 1 0 GND
S 40 33
L 1220 1490 10 6 3 1 1 0 GND
S 39 34
L 1220 1510 10 6 3 1 1 0 GND
S 38 35
L 1220 1530 10 6 3 1 1 0 GND
S 37 36
L 1220 1550 10 6 3 1 1 0 GND
S 38 37
S 39 38
S 40 39
S 41 40
S 42 41
S 43 42
S 44 43
S 45 44
S 46 45
S 47 46
S 48 47
S 49 48
S 50 49
S 51 50
S 52 51
S 53 52
S 54 53
S 55 54
S 56 55
S 57 56
S 59 57
S 59 58
L 1220 1130 10 6 3 1 1 0 GND
S 60 59
S 62 60
S 62 61
L 1220 1090 10 6 3 1 1 0 GND
S 63 62
S 63 64
L 1220 1070 10 6 3 1 1 0 GND
I 210 ML555_Production_REV01:GND 1 1210 890 4 1 '
|R 20:19_12-11-03
C 209 65 1 0
N 211
J 1070 930 2
J 1070 950 2
J 1070 970 2
J 1070 990 2
J 1070 1010 2
J 1070 1030 2
J 1070 1090 2
J 1070 1110 2
J 1070 1130 2
J 1070 1150 2
J 1070 1170 2
J 1070 1190 2
J 1070 1250 2
J 1070 1270 2
J 1070 1290 2
J 1070 1310 2
J 1070 1330 2
J 1070 1350 2
J 1070 1410 2
J 1070 1430 2
J 1070 1450 2
J 1070 1470 2
J 1070 1490 2
J 1070 1510 2
J 1070 1530 2
J 1070 1550 2
J 1120 1550 5
J 1120 1530 5
J 1120 1510 5
J 1120 1490 5
J 1120 1470 5
J 1120 1450 5
J 1120 1430 5
J 1120 1410 5
J 1070 1390 2
J 1120 1390 5
J 1070 1370 2
J 1120 1370 5
J 1120 1350 5
J 1120 1330 5
J 1120 1310 5
J 1120 1290 5
J 1120 1270 5
J 1120 1250 5
J 1070 1230 2
J 1120 1230 5
J 1070 1210 2
J 1120 1210 5
J 1120 1190 5
J 1120 1170 5
J 1120 1150 5
J 1120 1130 5
J 1120 1110 5
J 1120 1090 5
J 1070 1070 2
J 1120 1070 5
J 1070 1050 2
J 1120 1050 5
J 1120 1030 5
J 1120 1010 5
J 1120 990 5
J 1120 970 5
J 1120 950 5
J 1120 930 3
J 1120 1570 2
S 27 65
S 1 64
S 2 63
S 3 62
S 4 61
S 5 60
S 6 59
S 7 54
S 8 53
S 9 52
S 10 51
S 11 50
S 12 49
S 13 44
S 14 43
S 15 42
S 16 41
S 17 40
S 18 39
S 19 34
S 20 33
S 21 32
S 22 31
S 23 30
S 24 29
S 25 28
S 26 27
S 28 27
S 29 28
S 30 29
S 31 30
S 32 31
S 33 32
S 34 33
S 36 34
S 35 36
S 38 36
S 37 38
S 39 38
S 40 39
S 41 40
S 42 41
S 43 42
S 44 43
S 46 44
S 45 46
S 48 46
S 47 48
S 49 48
S 50 49
S 51 50
S 52 51
S 53 52
S 54 53
S 56 54
S 55 56
S 58 56
S 57 58
S 59 58
S 60 59
S 61 60
S 62 61
S 63 62
S 64 63
I 262 ML555_Production_REV01:GND 1 610 890 4 1 '
|R 20:19_12-11-03
C 212 1 1 0
I 309 ML555_Production_REV01:CONNUSB 1 130 600 6 1 '
|R 13:55_10-11-05
A 142 477 16 6 3 3 REFDES=J1
C 305 1 147 0
A 185 510 10 6 3 3 #=1
X 193 0
A 190 490 10 6 6 3 #=5
X 194 0
A 190 590 10 6 6 3 #=6
C 293 1 192 0
A 185 570 10 6 3 3 #=4
C 294 1 151 0
A 185 550 10 6 3 3 #=3
C 295 1 150 0
A 185 530 10 6 3 3 #=2
I 320 ML555_Production_REV01:CP2102GML 1 550 440 0 1 '
|R 15:44_11-14-05
A 750 665 16 0 3 3 REFDES=U5
C 300 3 40 0
A 640 660 10 1 1 3 #=26
X 1 0
A 548 611 9 0 9 3 #=1
X 2 0
A 548 591 9 0 9 3 #=2
C 295 2 3 0
A 548 531 9 0 9 3 #=5
C 305 5 10 0
A 589 438 9 1 9 3 #=8
C 306 2 21 0
A 600 430 10 1 1 3 #=9
C 292 4 23 0
A 640 420 10 1 1 3 #=11
C 298 3 38 0
A 680 660 10 1 1 3 #=24
C 302 3 42 0
A 600 660 10 1 1 3 #=28
C 296 2 11 0
A 548 511 9 0 9 3 #=6
X 24 0
A 660 420 10 1 1 3 #=12
C 299 3 39 0
A 660 660 10 1 1 3 #=25
X 48 0
A 790 590 10 0 9 3 #=20
X 47 0
A 790 570 10 0 9 3 #=19
X 46 0
A 790 550 10 0 9 3 #=18
X 45 0
A 790 530 10 0 9 3 #=17
X 44 0
A 790 510 10 0 9 3 #=16
X 28 0
A 790 490 10 0 9 3 #=15
X 26 0
A 700 420 10 1 1 3 #=14
X 25 0
A 680 420 10 1 1 3 #=13
X 36 0
A 720 660 10 1 1 3 #=22
X 49 0
A 790 610 10 0 9 3 #=21
X 22 0
A 620 420 10 1 1 3 #=10
C 304 1 17 0
A 548 571 9 0 9 3 #=3
C 301 3 41 0
A 620 660 10 1 1 3 #=27
C 294 2 18 0
A 548 551 9 0 9 3 #=4
C 297 3 37 0
A 700 660 10 1 1 3 #=23
C 333 1 50 0
A 730 420 10 1 1 3 #=30
C 329 4 43 0
A 570 660 10 1 1 3 #=29
C 296 3 6 0
A 548 491 9 0 9 3 #=7
I 321 ML555_Production_REV01:CAP_0402 1 350 460 0 1 '
|R 21:36_5-24-04
A 400 470 10 0 3 3 VALUE=0.1UF
A 400 480 10 0 3 3 REFDES=C7
C 304 6 6 0
A 370 470 10 5 1 3 #=2
C 296 6 5 0
A 370 480 10 1 1 3 #=1
N 267
J 1260 530 2
J 1255 530 3
J 1260 610 2
J 1255 610 5
J 1255 725 2
J 1255 720 5
J 1290 720 3
J 1290 710 2
S 2 1
S 2 4
S 4 3
S 4 6
S 6 5
S 6 7
S 8 7
N 265
J 1380 610 2
J 1390 610 3
J 1390 725 2
J 1390 720 5
J 1430 720 3
J 1430 710 2
S 1 2
S 2 4
S 4 3
S 4 5
S 6 5
I 323 ML555_Production_REV01:CAP_0402 1 1410 680 0 1 '
|R 21:36_5-24-04
A 1460 690 10 0 3 3 VALUE=0.1UF
A 1460 700 10 0 3 3 REFDES=C394
C 264 2 6 0
A 1430 690 10 5 1 3 #=2
C 265 6 5 0
A 1430 700 10 1 1 3 #=1
I 322 ML555_Production_REV01:CAP_0402 1 1270 680 0 1 '
|R 21:36_5-24-04
A 1320 690 10 0 3 3 VALUE=0.1UF
A 1320 700 10 0 3 3 REFDES=C393
C 266 1 6 0
A 1290 690 10 5 1 3 #=2
C 267 8 5 0
A 1290 700 10 1 1 3 #=1
I 325 ML555_Production_REV01:HDR2X32 1 740 1560 2 1 '
|R 18:45_10-19-05
A 708 917 10 2 3 3 REFDES=J16_PDB
C 201 1 239 0
A 720 1530 10 6 3 3 #=61
X 240 0
A 720 1550 10 6 3 3 #=63
C 212 39 251 0
A 660 1550 10 6 3 3 #=64
C 212 38 250 0
A 660 1530 10 6 3 3 #=62
C 229 1 238 0
A 720 1510 10 6 3 3 #=59
C 212 37 249 0
A 660 1510 10 6 3 3 #=60
C 212 36 248 0
A 660 1490 10 6 3 3 #=58
C 227 1 237 0
A 720 1490 10 6 3 3 #=57
C 212 35 247 0
A 660 1470 10 6 3 3 #=56
C 225 1 258 0
A 720 1470 10 6 3 3 #=55
C 212 34 246 0
A 660 1450 10 6 3 3 #=54
C 202 1 256 0
A 720 1450 10 6 3 3 #=53
C 212 33 245 0
A 660 1430 10 6 3 3 #=52
X 219 0
A 720 1310 10 6 3 3 #=39
C 212 26 260 0
A 660 1290 10 6 3 3 #=38
C 217 2 259 0
A 720 1290 10 6 3 3 #=37
C 203 1 257 0
A 720 1430 10 6 3 3 #=51
C 220 1 204 0
A 720 1170 10 6 3 3 #=25
C 215 2 196 0
A 720 1090 10 6 3 3 #=17
X 201 0
A 720 1110 10 6 3 3 #=19
C 218 1 202 0
A 720 1130 10 6 3 3 #=21
C 226 2 203 0
A 720 1150 10 6 3 3 #=23
C 212 32 231 0
A 660 1410 10 6 3 3 #=50
C 212 31 233 0
A 660 1390 10 6 3 3 #=48
C 212 30 232 0
A 660 1370 10 6 3 3 #=46
C 212 29 234 0
A 660 1350 10 6 3 3 #=44
C 212 28 235 0
A 660 1330 10 6 3 3 #=42
C 212 27 236 0
A 660 1310 10 6 3 3 #=40
C 212 25 210 0
A 660 1270 10 6 3 3 #=36
C 212 24 211 0
A 660 1250 10 6 3 3 #=34
C 212 23 212 0
A 660 1230 10 6 3 3 #=32
C 212 22 213 0
A 660 1210 10 6 3 3 #=30
C 212 21 215 0
A 660 1190 10 6 3 3 #=28
C 212 20 214 0
A 660 1170 10 6 3 3 #=26
C 212 19 216 0
A 660 1150 10 6 3 3 #=24
C 212 61 217 0
A 660 1130 10 6 3 3 #=22
C 212 18 218 0
A 660 1110 10 6 3 3 #=20
C 212 65 195 0
A 660 1090 10 6 3 3 #=18
C 204 1 224 0
A 720 1410 10 6 3 3 #=49
C 205 1 223 0
A 720 1390 10 6 3 3 #=47
C 206 1 222 0
A 720 1370 10 6 3 3 #=45
X 221 0
A 720 1350 10 6 3 3 #=43
C 207 1 220 0
A 720 1330 10 6 3 3 #=41
C 208 1 209 0
A 720 1270 10 6 3 3 #=35
X 208 0
A 720 1250 10 6 3 3 #=33
C 214 2 207 0
A 720 1230 10 6 3 3 #=31
C 222 1 206 0
A 720 1210 10 6 3 3 #=29
C 221 2 205 0
A 720 1190 10 6 3 3 #=27
C 219 1 194 0
A 720 990 10 6 3 3 #=7
C 228 2 200 0
A 720 1050 10 6 3 3 #=13
C 213 1 190 0
A 720 1030 10 6 3 3 #=11
C 224 2 192 0
A 720 1010 10 6 3 3 #=9
C 216 1 151 0
A 720 970 10 6 3 3 #=5
C 230 1 150 0
A 720 950 10 6 3 3 #=3
X 147 0
A 720 930 10 6 3 3 #=1
C 212 9 149 0
A 670 930 10 6 3 3 #=2
C 212 8 170 0
A 670 950 10 6 3 3 #=4
C 212 7 171 0
A 670 970 10 6 3 3 #=6
C 212 5 191 0
A 660 1010 10 6 3 3 #=10
C 212 6 193 0
A 670 990 10 6 3 3 #=8
C 212 4 189 0
A 660 1030 10 6 3 3 #=12
C 212 3 199 0
A 660 1050 10 6 3 3 #=14
C 212 2 197 0
A 660 1070 10 6 3 3 #=16
C 223 1 198 0
A 720 1070 10 6 3 3 #=15
I 326 ML555_Production_REV01:HDR2X32 1 1340 1560 2 1 '
|R 18:45_10-19-05
A 1308 917 10 2 3 3 REFDES=J15_PDB
C 260 1 239 0
A 1320 1530 10 6 3 3 #=61
C 242 1 240 0
A 1320 1550 10 6 3 3 #=63
C 209 36 251 0
A 1260 1550 10 6 3 3 #=64
C 209 35 250 0
A 1260 1530 10 6 3 3 #=62
C 259 1 238 0
A 1320 1510 10 6 3 3 #=59
C 209 34 249 0
A 1260 1510 10 6 3 3 #=60
C 209 33 248 0
A 1260 1490 10 6 3 3 #=58
C 234 1 237 0
A 1320 1490 10 6 3 3 #=57
C 209 32 247 0
A 1260 1470 10 6 3 3 #=56
C 246 1 258 0
A 1320 1470 10 6 3 3 #=55
C 209 31 246 0
A 1260 1450 10 6 3 3 #=54
C 248 2 256 0
A 1320 1450 10 6 3 3 #=53
C 209 30 245 0
A 1260 1430 10 6 3 3 #=52
C 241 1 219 0
A 1320 1310 10 6 3 3 #=39
C 209 23 260 0
A 1260 1290 10 6 3 3 #=38
C 243 1 259 0
A 1320 1290 10 6 3 3 #=37
C 235 1 257 0
A 1320 1430 10 6 3 3 #=51
C 249 1 204 0
A 1320 1170 10 6 3 3 #=25
C 252 1 196 0
A 1320 1090 10 6 3 3 #=17
C 253 1 201 0
A 1320 1110 10 6 3 3 #=19
C 251 1 202 0
A 1320 1130 10 6 3 3 #=21
C 250 1 203 0
A 1320 1150 10 6 3 3 #=23
C 209 29 231 0
A 1260 1410 10 6 3 3 #=50
C 209 28 233 0
A 1260 1390 10 6 3 3 #=48
C 209 27 232 0
A 1260 1370 10 6 3 3 #=46
C 209 26 234 0
A 1260 1350 10 6 3 3 #=44
C 209 25 235 0
A 1260 1330 10 6 3 3 #=42
C 209 24 236 0
A 1260 1310 10 6 3 3 #=40
C 209 22 210 0
A 1260 1270 10 6 3 3 #=36
C 209 21 211 0
A 1260 1250 10 6 3 3 #=34
C 209 20 212 0
A 1260 1230 10 6 3 3 #=32
C 209 19 213 0
A 1260 1210 10 6 3 3 #=30
C 209 18 215 0
A 1260 1190 10 6 3 3 #=28
C 209 17 214 0
A 1260 1170 10 6 3 3 #=26
C 209 16 216 0
A 1260 1150 10 6 3 3 #=24
C 209 58 217 0
A 1260 1130 10 6 3 3 #=22
C 209 15 218 0
A 1260 1110 10 6 3 3 #=20
C 209 61 195 0
A 1260 1090 10 6 3 3 #=18
C 236 1 224 0
A 1320 1410 10 6 3 3 #=49
C 237 1 223 0
A 1320 1390 10 6 3 3 #=47
C 238 1 222 0
A 1320 1370 10 6 3 3 #=45
C 239 1 221 0
A 1320 1350 10 6 3 3 #=43
C 240 1 220 0
A 1320 1330 10 6 3 3 #=41
C 200 1 209 0
A 1320 1270 10 6 3 3 #=35
C 257 1 208 0
A 1320 1250 10 6 3 3 #=33
C 244 2 207 0
A 1320 1230 10 6 3 3 #=31
C 245 1 206 0
A 1320 1210 10 6 3 3 #=29
C 247 2 205 0
A 1320 1190 10 6 3 3 #=27
C 258 1 194 0
A 1320 990 10 6 3 3 #=7
X 200 0
A 1320 1050 10 6 3 3 #=13
C 255 1 190 0
A 1320 1030 10 6 3 3 #=11
C 256 1 192 0
A 1320 1010 10 6 3 3 #=9
C 199 1 151 0
A 1320 970 10 6 3 3 #=5
C 198 1 150 0
A 1320 950 10 6 3 3 #=3
C 261 2 147 0
A 1320 930 10 6 3 3 #=1
C 209 7 149 0
A 1270 930 10 6 3 3 #=2
C 209 6 170 0
A 1270 950 10 6 3 3 #=4
C 209 5 171 0
A 1270 970 10 6 3 3 #=6
C 209 3 191 0
A 1260 1010 10 6 3 3 #=10
C 209 4 193 0
A 1270 990 10 6 3 3 #=8
C 209 2 189 0
A 1260 1030 10 6 3 3 #=12
C 209 1 199 0
A 1260 1050 10 6 3 3 #=14
C 209 64 197 0
A 1260 1070 10 6 3 3 #=16
C 254 1 198 0
A 1320 1070 10 6 3 3 #=15
I 324 ML555_Production_REV01:HDR1X32 1 1030 1560 6 1 '
|R 18:23_10-19-05
A 1037 917 10 6 3 3 REFDES=J8_PDB
C 211 23 212 0
A 1055 1490 10 6 3 3 #=29
C 211 22 211 0
A 1055 1470 10 6 3 3 #=28
C 211 21 210 0
A 1055 1450 10 6 3 3 #=27
C 211 20 209 0
A 1055 1430 10 6 3 3 #=26
C 211 19 208 0
A 1055 1410 10 6 3 3 #=25
C 211 35 207 0
A 1055 1390 10 6 3 3 #=24
C 211 37 206 0
A 1055 1370 10 6 3 3 #=23
C 211 18 205 0
A 1055 1350 10 6 3 3 #=22
C 211 17 204 0
A 1055 1330 10 6 3 3 #=21
C 211 16 213 0
A 1055 1310 10 6 3 3 #=20
C 211 26 216 0
A 1055 1550 10 6 3 3 #=32
C 211 25 215 0
A 1055 1530 10 6 3 3 #=31
C 211 24 214 0
A 1055 1510 10 6 3 3 #=30
C 211 15 199 0
A 1055 1290 10 6 3 3 #=19
C 211 14 198 0
A 1055 1270 10 6 3 3 #=18
C 211 13 197 0
A 1055 1250 10 6 3 3 #=17
C 211 45 196 0
A 1055 1230 10 6 3 3 #=16
C 211 47 195 0
A 1055 1210 10 6 3 3 #=15
C 211 12 194 0
A 1055 1190 10 6 3 3 #=14
C 211 11 193 0
A 1055 1170 10 6 3 3 #=13
C 211 10 201 0
A 1055 1150 10 6 3 3 #=12
C 211 9 200 0
A 1055 1130 10 6 3 3 #=11
C 211 8 203 0
A 1055 1110 10 6 3 3 #=10
C 211 7 191 0
A 1055 1090 10 6 3 3 #=9
C 211 2 150 0
A 1055 950 10 6 3 3 #=2
C 211 1 147 0
A 1055 930 10 6 3 3 #=1
C 211 55 189 0
A 1055 1070 10 6 3 3 #=8
C 211 57 155 0
A 1055 1050 10 6 3 3 #=7
C 211 6 154 0
A 1055 1030 10 6 3 3 #=6
C 211 5 153 0
A 1055 1010 10 6 3 3 #=5
C 211 4 152 0
A 1055 990 10 6 3 3 #=4
C 211 3 151 0
A 1055 970 10 6 3 3 #=3
I 327 ML555_Production_REV01:R0402 1 410 330 0 1 '
|R 17:16_9-9-04
A 440 340 10 0 2 3 VALUE=4.7K
A 440 360 10 0 5 3 REFDES=R255
C 306 1 2 0
A 470 351 10 0 3 3 #=2
C 296 10 1 0
A 424 351 10 0 9 3 #=1
I 328 ML555_Production_REV01:R0402 1 670 260 1 1 '
|R 17:16_9-9-04
A 660 290 10 1 2 3 VALUE=10K
A 640 290 10 1 5 3 REFDES=R256
C 292 2 2 0
A 649 320 10 1 3 3 #=2
C 314 4 1 0
A 649 274 10 1 9 3 #=1
N 304
J 520 570 2
J 450 570 3
J 450 420 2
J 450 440 5
J 370 440 3
J 370 460 2
S 2 1
S 4 2
S 3 4
S 5 4
S 5 6
I 313 sk_lvds_lib:GND 1 440 400 0 1 '
|R 20:19_12-11-03
C 304 3 1 0
I 330 sk_lvds_lib:GND 1 510 660 0 1 '
|R 20:19_12-11-03
C 329 1 1 0
N 201
J 740 1530 2
J 930 1530 1
S 1 2
L 920 1540 10 2 3 0 1 0 P0_RXC_RXCLK
N 230
J 740 950 2
J 930 950 1
S 1 2
L 920 960 10 2 3 0 1 0 P1_RXC_RXCLK
N 225
J 740 1470 2
J 930 1470 1
S 1 2
L 920 1480 10 2 3 0 1 0 P0_RCLK1
N 224
J 930 1010 1
J 740 1010 2
S 2 1
L 920 1020 10 2 3 0 1 0 P1_RCLK1
N 259
J 1340 1510 2
J 1560 1510 1
S 1 2
L 1550 1520 10 2 3 0 1 0 P0_TXC_GTXCLK
N 199
J 1340 970 2
J 1560 970 1
S 1 2
L 1550 980 10 2 3 0 1 0 P1_TXC_GTXCLK
T 1145 410 36 0 3 USB to RS232 Converter
T 1005 370 30 0 3 (full UART interface implementation)
T 790 430 30 0 3 CP2102GM
l 2 2130 850 70 850
T 110 70 36 0 3 USB to RS232 Converter
T 110 140 36 0 3 BERG EPHY Header
T 320 705 16 0 3 Self-Powered
T 320 685 16 0 3 26mA typ.
T 590 1610 30 0 3 HW-AFX-BERG-EPHY Interface
T 1610 1310 30 0 3 Bank20 Sheet18
T 160 1320 30 0 3 Bank12 Sheet18
T 1600 545 30 0 3 Bank1 Sheet16
T 1600 585 30 0 3 To/From FPGA
I 341 ML555_Production_REV01:MAX3002 1 1290 520 0 1 '
|R 17:42_9-6-06
A 1310 630 9 0 3 3 REFDES=U4
C 268 2 15 0
A 1357 551 9 0 3 3 #=13
C 267 3 3 0
A 1283 611 9 0 9 3 #=2
C 265 1 2 0
A 1357 611 9 0 3 3 #=19
C 283 2 10 0
A 1283 541 9 0 9 3 #=9
C 276 2 9 0
A 1283 551 9 0 9 3 #=8
C 282 2 8 0
A 1283 561 9 0 9 3 #=7
C 281 2 7 0
A 1283 571 9 0 9 3 #=6
C 277 2 6 0
A 1283 581 9 0 9 3 #=5
C 280 2 5 0
A 1283 591 9 0 9 3 #=4
C 279 2 4 0
A 1283 601 9 0 9 3 #=3
C 278 2 1 0
A 1283 621 9 0 9 3 #=1
C 263 1 13 0
A 1357 531 9 0 3 3 #=11
C 267 1 11 0
A 1283 531 9 0 9 3 #=10
C 275 2 14 0
A 1357 541 9 0 3 3 #=12
C 274 2 16 0
A 1357 561 9 0 3 3 #=14
C 273 2 17 0
A 1357 571 9 0 3 3 #=15
C 269 2 18 0
A 1357 581 9 0 3 3 #=16
C 272 2 19 0
A 1357 591 9 0 3 3 #=17
C 271 2 20 0
A 1357 601 9 0 3 3 #=18
C 270 2 12 0
A 1357 621 9 0 3 3 #=20
E
