V 51
K 14050350590 ml555_pcie
Y 0
D 0 0 2200 1700
Z 2
i 813
N 813
J 1240 1400 2
J 1490 1400 1
S 1 2
L 1265 1400 10 0 3 0 1 0 PCIE_GCLK_N
N 789
J 815 410 2
J 815 390 3
J 855 380 2
J 855 390 5
J 855 410 2
S 2 1
S 2 4
S 3 4
S 4 5
N 790
J 445 640 2
J 415 500 2
J 355 440 2
J 355 500 5
J 355 640 2
J 355 610 5
J 445 610 5
J 555 610 3
J 555 640 2
S 7 1
S 4 2
S 3 4
S 4 6
S 6 5
S 6 7
L 65 400 9 0 3 1 0 0 GND
Q 12 5 0
S 7 8
S 8 9
N 791
J 285 740 2
J 355 675 2
J 445 670 2
J 525 520 2
J 645 520 3
J 645 710 3
J 555 670 2
J 555 710 5
J 445 710 5
J 355 710 5
J 285 710 5
J 285 680 2
S 11 1
S 2 10
S 3 9
S 4 5
S 5 6
S 8 6
S 7 8
S 9 8
S 10 9
S 11 10
S 12 11
N 794
J 285 610 2
J 285 520 3
J 415 520 2
S 2 1
L 195 310 9 0 3 0 0 0 Y1_OE
Q 12 5 0
S 2 3
I 795 sk_lvds_lib:GND 1 345 420 0 1 '
|R 20:19_12-11-03
C 790 3 1 0
I 796 sk_lvds_lib:VCC25 1 275 740 0 1 '
C 791 1 2 0
I 803 sk_lvds_lib:GND 1 845 360 0 1 '
|R 20:19_12-11-03
C 789 3 1 0
I 805 ML555_Production_REV01:EG2121CA 1 445 490 0 1 '
|R 20:47_11-11-03
A 445 470 10 0 3 3 VALUE=200.0000MHZ
L 415 530 10 0 3 0 0 0 Y3
A 455 530 9 0 3 3 REFDES=Y3
C 791 4 6 0
A 502 521 9 0 3 3 #=6
C 792 8 5 0
A 502 511 9 0 3 3 #=5
C 793 2 4 0
A 502 501 9 0 3 3 #=4
C 790 2 3 0
A 438 501 9 0 9 3 #=3
X 2 0
A 438 511 9 0 9 3 #=2
C 794 3 1 0
A 438 521 9 0 9 3 #=1
N 774
J 1240 1360 2
J 1490 1360 1
S 1 2
L 1265 1360 10 0 3 0 1 0 SFP_MGT_GCLKN
N 734
J 1785 600 2
J 1785 660 2
J 1805 660 3
J 1805 600 5
J 1805 580 2
S 1 4
S 2 3
S 4 3
S 5 4
N 735
J 1805 700 2
J 1785 720 2
J 1805 720 5
J 1805 780 3
J 1785 780 2
S 1 3
S 2 3
S 3 4
S 5 4
N 738
J 1525 750 1
J 1645 750 2
S 1 2
L 1535 750 10 0 3 0 1 0 SMA_GCLKP
N 739
J 1645 630 2
J 1525 630 1
S 2 1
L 1535 630 10 0 3 0 1 0 SMA_GCLKN
I 736 ML555_Production_REV01:GND 1 1795 560 0 1 '
|R 20:19_12-11-03
C 734 5 1 0
I 737 ML555_Production_REV01:GND 1 1795 680 0 1 '
|R 20:19_12-11-03
C 735 1 1 0
I 740 ML555_Production_REV01:SMA_SMT_CONNECTOR 1 1785 690 4 1 '
|R 22:51_12-5-03
A 1720 780 10 4 3 3 REFDES=J10
C 735 2 11 0
A 1780 720 10 4 3 3 #=3
C 738 2 12 0
A 1650 750 10 4 9 3 #=1
C 735 5 10 0
A 1780 780 10 4 3 3 #=2
I 741 ML555_Production_REV01:SMA_SMT_CONNECTOR 1 1785 570 4 1 '
|R 22:51_12-5-03
A 1720 660 10 4 3 3 REFDES=J11
C 734 1 11 0
A 1780 600 10 4 3 3 #=3
C 739 1 12 0
A 1650 630 10 4 9 3 #=1
C 734 2 10 0
A 1780 660 10 4 3 3 #=2
N 555
J 1240 1040 2
J 1290 1080 2
J 1290 1040 5
J 1290 1030 3
J 1240 1030 2
S 1 3
S 3 2
S 4 3
S 5 4
I 577 ML555_Production_REV01:5VLX50TFF1136_3_POWER 1 840 920 0 1 '
A 840 910 10 0 3 3 REFDES=U10
C 555 1 2 0
A 1195 1040 10 0 3 3 #=D23
C 555 5 1 0
A 1195 1030 10 0 3 3 #=E20
I 254 ML555_Production_REV01:CSHEET 1 0 0 0 1 '
|R 15:48_8-9-04
A 1827 128 28 0 6 0 @NAME=ML555_PCIE
A 1332 54 10 0 3 3 AUTHOR=DAVID NAYLOR
A 1652 52 10 0 3 3 @SHEET=16
A 1872 52 15 0 3 3 @DATETIME=9-11-2006_16:57
A 1702 52 10 0 3 3 @SHEETTOTAL=37
I 576 ML555_Production_REV01:VCC2V5 1 1280 1080 0 1 '
C 555 2 2 0
N 765
J 1240 1440 2
J 1490 1440 1
S 1 2
L 1265 1440 10 0 3 0 1 0 SMA_GCLKN
N 764
J 1490 1430 1
J 1240 1430 2
S 2 1
L 1265 1430 10 0 3 0 1 0 SMA_GCLKP
N 760
J 1490 1410 1
J 1240 1410 2
S 2 1
L 1265 1410 10 0 3 0 1 0 LVDSCLKMOD1_P
N 759
J 1240 1420 2
J 1490 1420 1
S 1 2
L 1265 1420 10 0 3 0 1 0 LVDSCLKMOD1_N
N 763
J 1240 1310 2
J 1490 1310 1
S 1 2
L 1345 1320 10 2 3 0 1 0 P0_RCLK1
N 761
J 1240 1270 2
J 1490 1270 1
S 1 2
L 1265 1270 10 0 3 0 1 0 PCIBUSCLK2
N 762
J 1490 1290 1
J 1240 1290 2
S 2 1
L 1345 1300 10 2 3 0 1 0 P1_RCLK1
N 773
J 1490 1350 1
J 1240 1350 2
S 2 1
L 1265 1350 10 0 3 0 1 0 SFP_MGT_GCLKP
N 792
J 1015 530 1
J 855 480 2
J 855 530 5
J 695 530 3
J 705 480 2
J 695 480 3
J 695 510 5
J 525 510 2
S 2 3
S 4 3
S 7 4
S 6 5
S 6 7
S 8 7
S 3 1
L 880 530 10 0 3 0 1 0 LVPECL_200M_N
N 793
J 1015 500 1
J 525 500 2
J 775 480 2
J 785 480 3
J 785 500 5
J 815 500 5
J 815 480 2
S 2 5
S 3 4
S 4 5
S 5 6
S 7 6
S 6 1
L 880 500 10 0 3 0 1 0 LVPECL_200M_P
N 807
J 1240 1450 2
J 1490 1450 1
S 1 2
L 1265 1450 10 0 3 0 1 0 LVPECL_200M_P
N 806
J 1240 1460 2
J 1490 1460 1
S 1 2
L 1265 1460 10 0 3 0 1 0 LVPECL_200M_N
I 797 ML555_Production_REV01:R0402 1 305 610 1 1 '
|R 17:16_9-9-04
A 295 630 10 1 2 3 VALUE=4.7K
A 275 640 10 1 5 3 REFDES=R21
C 791 12 2 0
A 284 670 10 1 3 3 #=2
C 794 1 1 0
A 284 624 10 1 9 3 #=1
I 800 ML555_Production_REV01:CAPT_A_3216 1 345 640 0 1 '
|R 17:56_11-10-03
A 370 655 10 0 3 3 VALUE=3.3UF
A 370 665 10 0 3 3 REFDES=C110
C 791 2 4 0
A 340 665 10 0 3 3 #=1
C 790 5 3 0
A 340 640 10 0 3 3 #=2
I 801 ML555_Production_REV01:CAP_0402 1 425 640 0 1 '
|R 21:36_5-24-04
A 475 650 10 0 3 3 VALUE=0.1UF
A 475 660 10 0 3 3 REFDES=C111
C 790 1 6 0
A 445 650 10 5 1 3 #=2
C 791 3 5 0
A 445 660 10 1 1 3 #=1
I 802 ML555_Production_REV01:CAP_0402 1 535 640 0 1 '
|R 21:36_5-24-04
A 585 650 10 0 3 3 VALUE=0.01UF
A 585 660 10 0 3 3 REFDES=C112
C 790 9 6 0
A 555 650 10 5 1 3 #=2
C 791 7 5 0
A 555 660 10 1 1 3 #=1
N 766
J 1490 1330 1
J 1240 1330 2
S 2 1
L 1265 1330 10 0 3 0 1 0 FPGA_L19_GCLK_33MHZ
I 804 ML555_Production_REV01:R0402 1 705 460 0 1 '
|R 17:16_9-9-04
A 735 470 10 0 2 3 VALUE=DNA
A 735 490 10 0 5 3 REFDES=R26
C 793 3 2 0
A 765 481 10 0 3 3 #=2
C 792 5 1 0
A 719 481 10 0 9 3 #=1
I 809 ML555_Production_REV01:R0402 1 875 410 1 1 '
|R 17:16_9-9-04
A 865 430 10 1 2 3 VALUE=49.9R
A 845 440 10 1 5 3 REFDES=R28
C 792 2 2 0
A 854 470 10 1 3 3 #=2
C 789 5 1 0
A 854 424 10 1 9 3 #=1
I 810 ML555_Production_REV01:R0402 1 835 410 1 1 '
|R 17:16_9-9-04
A 825 430 10 1 2 3 VALUE=49.9R
A 805 440 10 1 5 3 REFDES=R27
C 793 7 2 0
A 814 470 10 1 3 3 #=2
C 789 1 1 0
A 814 424 10 1 9 3 #=1
T 1500 1395 12 0 3 To Sheet6 U16 QA1/nQA1
Q 5 3 0
T 225 780 30 0 3 200.0000MHz Epson EG2121CA-200.0000M-PHPAB
Q 5 3 0
T 1535 510 30 0 3 Bank3 Global Clock
Q 5 3 0
T 950 1220 30 0 3 Bank3
T 100 90 36 0 3 Bank3 Clocks
T 1500 1370 18 0 3 from U3 Sheet10
Q 5 5 0
T 1500 1350 18 0 3 from U2 Sheet9
Q 5 5 0
T 1500 1410 18 0 3 from U8 Sheet24
Q 5 5 0
T 1500 1430 18 0 3 from J10/J11 this page
Q 5 5 0
I 772 ML555_Production_REV01:5VLX50TFF1136_3 1 840 1170 0 1 '
|R 16:27_5-24-06
A 840 1160 10 0 3 3 REFDES=U10
C 774 1 6 0
A 1195 1360 10 0 3 3 #=G16
C 773 2 5 0
A 1195 1350 10 0 3 3 #=G15
X 8 0
A 1195 1300 10 0 3 3 #=J19
C 762 2 7 0
A 1195 1290 10 0 3 3 #=K18
C 770 1 16 0
A 1195 1380 10 0 3 3 #=J21
C 767 2 15 0
A 1195 1370 10 0 3 3 #=J20
C 760 2 19 0
A 1195 1410 10 0 3 3 #=H19
C 759 1 20 0
A 1195 1420 10 0 3 3 #=H20
C 806 1 4 0
A 1195 1460 10 0 3 3 #=L18
C 807 1 3 0
A 1195 1450 10 0 3 3 #=K17
C 765 1 2 0
A 1195 1440 10 0 3 3 #=H18
C 764 2 1 0
A 1195 1430 10 0 3 3 #=H17
C 813 1 10 0
A 1195 1400 10 0 3 3 #=J17
C 812 2 9 0
A 1195 1390 10 0 3 3 #=J16
X 12 0
A 1195 1340 10 0 3 3 #=K19
C 766 2 11 0
A 1195 1330 10 0 3 3 #=L19
C 811 1 14 0
A 1195 1320 10 0 3 3 #=H15
C 763 1 13 0
A 1195 1310 10 0 3 3 #=H14
X 18 0
A 1195 1280 10 0 3 3 #=H13
C 761 1 17 0
A 1195 1270 10 0 3 3 #=J14
N 812
J 1490 1390 1
J 1240 1390 2
S 2 1
L 1265 1390 10 0 3 0 1 0 PCIE_GCLK_P
N 811
J 1240 1320 2
J 1490 1320 1
S 1 2
L 1265 1320 10 0 3 0 1 0 SATA_MGT_CLKSEL
N 770
J 1240 1380 2
J 1490 1380 1
S 1 2
L 1265 1380 10 0 3 0 1 0 SATA_MGT_GCLKN
N 767
J 1490 1370 1
J 1240 1370 2
S 2 1
L 1265 1370 10 0 3 0 1 0 SATA_MGT_GCLKP
E
