V 51
K 234318506700 ml555_pcie
Y 0
D 0 0 2200 1700
Z 2
i 121
I 121 VCCAUX2V5 1 1530 840 0 1 '
|R 19:14_10-27-05
C 97 1 2 0
I 116 GND 1 530 970 0 1 '
|R 20:19_12-11-03
C 103 1 1 0
I 115 GND 1 1030 970 0 1 '
|R 20:19_12-11-03
C 102 99 1 0
I 114 GND 1 1530 970 0 1 '
|R 20:19_12-11-03
C 101 1 1 0
I 113 GND 1 2020 960 0 1 '
|R 20:19_12-11-03
C 81 1 1 0
I 112 GND 1 2020 700 0 1 '
|R 20:19_12-11-03
C 110 2 1 0
I 111 GND 1 530 540 0 1 '
|R 20:19_12-11-03
C 98 1 1 0
N 110
J 2030 760 3
J 2030 720 2
J 2000 760 2
S 3 1
S 2 1
N 104
J 1030 840 2
J 1000 720 2
J 1030 720 5
J 1000 730 2
J 1030 730 5
J 1000 740 2
J 1030 740 5
J 1030 750 5
J 1000 290 2
J 1000 400 2
J 1000 510 2
J 1000 610 2
J 1000 710 2
J 1030 710 5
J 1000 700 2
J 1030 700 5
J 1000 690 2
J 1030 690 5
J 1000 680 2
J 1030 680 5
J 1000 670 2
J 1030 670 5
J 1000 660 2
J 1030 660 5
J 1000 650 2
J 1030 650 5
J 1000 640 2
J 1030 640 5
J 1000 630 2
J 1030 630 5
J 1000 620 2
J 1030 620 5
J 1030 610 5
J 1000 600 2
J 1030 600 5
J 1000 590 2
J 1030 590 5
J 1000 580 2
J 1030 580 5
J 1000 570 2
J 1030 570 5
J 1000 560 2
J 1030 560 5
J 1000 550 2
J 1030 550 5
J 1000 540 2
J 1030 540 5
J 1000 530 2
J 1030 530 5
J 1000 520 2
J 1030 520 5
J 1030 510 5
J 1000 500 2
J 1030 500 5
J 1000 490 2
J 1030 490 5
J 1000 480 2
J 1030 480 5
J 1000 470 2
J 1030 470 5
J 1000 460 2
J 1030 460 5
J 1000 450 2
J 1030 450 5
J 1000 440 2
J 1030 440 5
J 1000 430 2
J 1030 430 5
J 1000 420 2
J 1030 420 5
J 1000 410 2
J 1030 410 5
J 1030 400 5
J 1000 390 2
J 1030 390 5
J 1000 380 2
J 1030 380 5
J 1000 370 2
J 1030 370 5
J 1000 360 2
J 1030 360 5
J 1000 350 2
J 1030 350 5
J 1000 340 2
J 1030 340 5
J 1000 330 2
J 1030 330 5
J 1000 320 2
J 1030 320 5
J 1000 310 2
J 1030 310 5
J 1000 300 2
J 1030 300 5
J 1030 290 5
J 1000 280 2
J 1030 280 5
J 1000 260 2
J 1000 250 2
J 1000 240 2
J 1000 230 2
J 1000 220 2
J 1030 220 3
J 1030 230 5
J 1030 240 5
J 1030 250 5
J 1030 260 5
J 1030 270 5
J 1000 270 2
J 1000 750 2
S 8 1
S 2 3
S 14 3
S 4 5
S 3 5
S 6 7
S 5 7
S 7 8
S 109 8
S 9 94
S 10 73
S 11 52
S 12 33
S 13 14
S 16 14
S 15 16
S 18 16
S 17 18
S 20 18
S 19 20
S 22 20
S 21 22
S 24 22
S 23 24
S 26 24
S 25 26
S 28 26
S 27 28
S 30 28
S 29 30
S 32 30
S 31 32
S 33 32
S 35 33
S 34 35
S 37 35
S 36 37
S 39 37
S 38 39
S 41 39
S 40 41
S 43 41
S 42 43
S 45 43
S 44 45
S 47 45
S 46 47
S 49 47
S 48 49
S 51 49
S 50 51
S 52 51
S 54 52
S 53 54
S 56 54
S 55 56
S 58 56
S 57 58
S 60 58
S 59 60
S 62 60
S 61 62
S 64 62
S 63 64
S 66 64
S 65 66
S 68 66
S 67 68
S 70 68
S 69 70
S 72 70
S 71 72
S 73 72
S 75 73
S 74 75
S 77 75
S 76 77
S 79 77
S 78 79
S 81 79
S 80 81
S 83 81
S 82 83
S 85 83
S 84 85
S 87 85
S 86 87
S 89 87
S 88 89
S 91 89
S 90 91
S 93 91
S 92 93
S 94 93
S 96 94
S 95 96
S 107 96
S 97 106
S 98 105
S 99 104
S 100 103
S 101 102
S 102 103
S 103 104
S 104 105
S 105 106
S 106 107
S 108 107
N 103
J 540 990 2
J 510 1100 2
J 510 1210 2
J 510 1320 2
J 510 1420 2
J 510 1520 2
J 540 1520 3
J 510 1510 2
J 540 1510 5
J 510 1500 2
J 540 1500 5
J 510 1490 2
J 540 1490 5
J 510 1480 2
J 540 1480 5
J 510 1470 2
J 540 1470 5
J 510 1460 2
J 540 1460 5
J 510 1450 2
J 540 1450 5
J 510 1440 2
J 540 1440 5
J 510 1430 2
J 540 1430 5
J 540 1420 5
J 510 1410 2
J 540 1410 5
J 510 1400 2
J 540 1400 5
J 510 1390 2
J 540 1390 5
J 510 1380 2
J 540 1380 5
J 510 1370 2
J 540 1370 5
J 510 1360 2
J 540 1360 5
J 510 1350 2
J 540 1350 5
J 510 1340 2
J 540 1340 5
J 510 1330 2
J 540 1330 5
J 540 1320 5
J 510 1310 2
J 540 1310 5
J 510 1300 2
J 540 1300 5
J 510 1290 2
J 540 1290 5
J 510 1280 2
J 540 1280 5
J 510 1270 2
J 540 1270 5
J 510 1260 2
J 540 1260 5
J 510 1250 2
J 540 1250 5
J 510 1240 2
J 540 1240 5
J 510 1230 2
J 540 1230 5
J 510 1220 2
J 540 1220 5
J 540 1210 5
J 510 1200 2
J 540 1200 5
J 510 1190 2
J 540 1190 5
J 510 1180 2
J 540 1180 5
J 510 1170 2
J 540 1170 5
J 510 1160 2
J 540 1160 5
J 510 1150 2
J 540 1150 5
J 510 1140 2
J 540 1140 5
J 510 1130 2
J 540 1130 5
J 510 1120 2
J 540 1120 5
J 510 1110 2
J 540 1110 5
J 540 1100 5
J 510 1090 2
J 540 1090 5
J 510 1070 2
J 510 1060 2
J 510 1050 2
J 510 1040 2
J 510 1030 2
J 540 1030 5
J 540 1040 5
J 540 1050 5
J 540 1060 5
J 540 1070 5
J 540 1080 5
J 510 1080 2
S 1 95
S 2 87
S 3 66
S 4 45
S 5 26
S 6 7
S 9 7
S 8 9
S 11 9
S 10 11
S 13 11
S 12 13
S 15 13
S 14 15
S 17 15
S 16 17
S 19 17
S 18 19
S 21 19
S 20 21
S 23 21
S 22 23
S 25 23
S 24 25
S 26 25
S 28 26
S 27 28
S 30 28
S 29 30
S 32 30
S 31 32
S 34 32
S 33 34
S 36 34
S 35 36
S 38 36
S 37 38
S 40 38
S 39 40
S 42 40
S 41 42
S 44 42
S 43 44
S 45 44
S 47 45
S 46 47
S 49 47
S 48 49
S 51 49
S 50 51
S 53 51
S 52 53
S 55 53
S 54 55
S 57 55
S 56 57
S 59 57
S 58 59
S 61 59
S 60 61
S 63 61
S 62 63
S 65 63
S 64 65
S 66 65
S 68 66
S 67 68
S 70 68
S 69 70
S 72 70
S 71 72
S 74 72
S 73 74
S 76 74
S 75 76
S 78 76
S 77 78
S 80 78
S 79 80
S 82 80
S 81 82
S 84 82
S 83 84
S 86 84
S 85 86
S 87 86
S 89 87
S 88 89
S 100 89
S 90 99
S 91 98
S 92 97
S 93 96
S 94 95
S 95 96
S 96 97
S 97 98
S 98 99
S 99 100
S 101 100
N 101
J 1540 990 2
J 1510 1100 2
J 1510 1210 2
J 1510 1320 2
J 1510 1420 2
J 1510 1520 2
J 1540 1520 3
J 1510 1510 2
J 1540 1510 5
J 1510 1500 2
J 1540 1500 5
J 1510 1490 2
J 1540 1490 5
J 1510 1480 2
J 1540 1480 5
J 1510 1470 2
J 1540 1470 5
J 1510 1460 2
J 1540 1460 5
J 1510 1450 2
J 1540 1450 5
J 1510 1440 2
J 1540 1440 5
J 1510 1430 2
J 1540 1430 5
J 1540 1420 5
J 1510 1410 2
J 1540 1410 5
J 1510 1400 2
J 1540 1400 5
J 1510 1390 2
J 1540 1390 5
J 1510 1380 2
J 1540 1380 5
J 1510 1370 2
J 1540 1370 5
J 1510 1360 2
J 1540 1360 5
J 1510 1350 2
J 1540 1350 5
J 1510 1340 2
J 1540 1340 5
J 1510 1330 2
J 1540 1330 5
J 1540 1320 5
J 1510 1310 2
J 1540 1310 5
J 1510 1300 2
J 1540 1300 5
J 1510 1290 2
J 1540 1290 5
J 1510 1280 2
J 1540 1280 5
J 1510 1270 2
J 1540 1270 5
J 1510 1260 2
J 1540 1260 5
J 1510 1250 2
J 1540 1250 5
J 1510 1240 2
J 1540 1240 5
J 1510 1230 2
J 1540 1230 5
J 1510 1220 2
J 1540 1220 5
J 1540 1210 5
J 1510 1200 2
J 1540 1200 5
J 1510 1190 2
J 1540 1190 5
J 1510 1180 2
J 1540 1180 5
J 1510 1170 2
J 1540 1170 5
J 1510 1160 2
J 1540 1160 5
J 1510 1150 2
J 1540 1150 5
J 1510 1140 2
J 1540 1140 5
J 1510 1130 2
J 1540 1130 5
J 1510 1120 2
J 1540 1120 5
J 1510 1110 2
J 1540 1110 5
J 1540 1100 5
J 1510 1090 2
J 1540 1090 5
J 1510 1070 2
J 1510 1060 2
J 1510 1050 2
J 1510 1040 2
J 1510 1030 2
J 1540 1030 5
J 1540 1040 5
J 1540 1050 5
J 1540 1060 5
J 1540 1070 5
J 1540 1080 5
J 1510 1080 2
S 1 95
S 2 87
S 3 66
S 4 45
S 5 26
S 6 7
S 9 7
S 8 9
S 11 9
S 10 11
S 13 11
S 12 13
S 15 13
S 14 15
S 17 15
S 16 17
S 19 17
S 18 19
S 21 19
S 20 21
S 23 21
S 22 23
S 25 23
S 24 25
S 26 25
S 28 26
S 27 28
S 30 28
S 29 30
S 32 30
S 31 32
S 34 32
S 33 34
S 36 34
S 35 36
S 38 36
S 37 38
S 40 38
S 39 40
S 42 40
S 41 42
S 44 42
S 43 44
S 45 44
S 47 45
S 46 47
S 49 47
S 48 49
S 51 49
S 50 51
S 53 51
S 52 53
S 55 53
S 54 55
S 57 55
S 56 57
S 59 57
S 58 59
S 61 59
S 60 61
S 63 61
S 62 63
S 65 63
S 64 65
S 66 65
S 68 66
S 67 68
S 70 68
S 69 70
S 72 70
S 71 72
S 74 72
S 73 74
S 76 74
S 75 76
S 78 76
S 77 78
S 80 78
S 79 80
S 82 80
S 81 82
S 84 82
S 83 84
S 86 84
S 85 86
S 87 86
S 89 87
S 88 89
S 100 89
S 90 99
S 91 98
S 92 97
S 93 96
S 94 95
S 95 96
S 96 97
S 97 98
S 98 99
S 99 100
S 101 100
I 1 CSHEET 1 0 0 0 1 '
|R 15:48_8-9-04
A 1827 128 28 0 6 0 @NAME=ML555_PCIE
A 1332 54 10 0 3 3 AUTHOR=DAVID NAYLOR
A 1652 52 10 0 3 3 @SHEET=26
A 1872 52 15 0 3 3 @DATETIME=5-30-2006_18:44
A 1702 52 10 0 3 3 @SHEETTOTAL=37
N 81
J 2030 980 2
J 2000 1070 2
J 2030 1070 5
J 2000 1060 2
J 2030 1060 5
J 2000 1050 2
J 2030 1050 5
J 2000 1040 2
J 2030 1040 5
J 2000 1030 2
J 2030 1030 5
J 2030 1020 5
J 2000 1020 2
J 2000 1100 2
J 2000 1110 2
J 2000 1120 2
J 2000 1130 2
J 2000 1140 2
J 2000 1150 2
J 2000 1160 2
J 2000 1170 2
J 2000 1180 2
J 2030 1180 5
J 2030 1170 5
J 2030 1160 5
J 2030 1150 5
J 2030 1140 5
J 2030 1130 5
J 2030 1120 5
J 2030 1110 5
J 2030 1100 5
J 2000 1080 2
J 2030 1080 5
J 2030 1090 5
J 2000 1090 2
J 2000 1210 2
J 2000 1220 2
J 2000 1230 2
J 2000 1240 2
J 2000 1250 2
J 2000 1260 2
J 2000 1270 2
J 2000 1280 2
J 2000 1290 2
J 2030 1290 5
J 2030 1280 5
J 2030 1270 5
J 2030 1260 5
J 2030 1250 5
J 2030 1240 5
J 2030 1230 5
J 2030 1220 5
J 2030 1210 5
J 2000 1190 2
J 2030 1190 5
J 2030 1200 5
J 2000 1200 2
J 2000 1320 2
J 2000 1330 2
J 2000 1340 2
J 2000 1350 2
J 2000 1360 2
J 2000 1370 2
J 2000 1380 2
J 2000 1390 2
J 2000 1400 2
J 2030 1400 5
J 2030 1390 5
J 2030 1380 5
J 2030 1370 5
J 2030 1360 5
J 2030 1350 5
J 2030 1340 5
J 2030 1330 5
J 2030 1320 5
J 2000 1300 2
J 2030 1300 5
J 2030 1310 5
J 2000 1310 2
J 2000 1420 2
J 2000 1430 2
J 2000 1440 2
J 2000 1450 2
J 2000 1460 2
J 2000 1470 2
J 2000 1480 2
J 2000 1490 2
J 2000 1500 2
J 2000 1510 2
J 2030 1510 3
J 2030 1500 5
J 2030 1490 5
J 2030 1480 5
J 2030 1470 5
J 2030 1460 5
J 2030 1450 5
J 2030 1440 5
J 2030 1430 5
J 2030 1420 5
J 2030 1410 5
J 2000 1410 2
S 1 12
S 3 33
S 2 3
S 5 3
S 4 5
S 7 5
S 6 7
S 9 7
S 8 9
S 11 9
S 10 11
S 12 11
S 13 12
S 23 55
S 35 34
S 33 34
S 32 33
S 34 31
S 31 30
S 30 29
S 29 28
S 28 27
S 27 26
S 26 25
S 25 24
S 24 23
S 22 23
S 21 24
S 20 25
S 19 26
S 18 27
S 17 28
S 16 29
S 15 30
S 14 31
S 45 77
S 57 56
S 55 56
S 54 55
S 56 53
S 53 52
S 52 51
S 51 50
S 50 49
S 49 48
S 48 47
S 47 46
S 46 45
S 44 45
S 43 46
S 42 47
S 41 48
S 40 49
S 39 50
S 38 51
S 37 52
S 36 53
S 67 100
S 79 78
S 77 78
S 76 77
S 78 75
S 75 74
S 74 73
S 73 72
S 72 71
S 71 70
S 70 69
S 69 68
S 68 67
S 66 67
S 65 68
S 64 69
S 63 70
S 62 71
S 61 72
S 60 73
S 59 74
S 58 75
S 101 100
S 100 99
S 99 98
S 98 97
S 97 96
S 96 95
S 95 94
S 94 93
S 93 92
S 92 91
S 91 90
S 89 90
S 88 91
S 87 92
S 86 93
S 85 94
S 84 95
S 83 96
S 82 97
S 81 98
S 80 99
N 98
J 540 560 2
J 510 610 2
J 510 620 2
J 510 630 2
J 510 640 2
J 510 650 2
J 510 660 2
J 510 670 2
J 540 670 5
J 540 660 5
J 540 650 5
J 540 640 5
J 540 630 5
J 540 620 5
J 540 610 5
J 540 600 5
J 510 600 2
J 510 700 2
J 510 710 2
J 510 720 2
J 510 730 2
J 510 740 2
J 510 750 2
J 510 760 2
J 510 770 2
J 510 780 2
J 540 780 3
J 540 770 5
J 540 760 5
J 540 750 5
J 540 740 5
J 540 730 5
J 540 720 5
J 540 710 5
J 540 700 5
J 510 680 2
J 540 680 5
J 540 690 5
J 510 690 2
S 1 16
S 9 37
S 2 15
S 3 14
S 4 13
S 5 12
S 6 11
S 7 10
S 8 9
S 10 9
S 11 10
S 12 11
S 13 12
S 14 13
S 15 14
S 16 15
S 17 16
S 18 35
S 19 34
S 20 33
S 21 32
S 22 31
S 23 30
S 24 29
S 25 28
S 26 27
S 28 27
S 29 28
S 30 29
S 31 30
S 32 31
S 33 32
S 34 33
S 35 34
S 38 35
S 36 37
S 37 38
S 39 38
N 97
J 1540 840 2
J 1540 640 3
J 1510 670 2
J 1510 680 2
J 1510 690 2
J 1510 700 2
J 1510 710 2
J 1510 720 2
J 1510 730 2
J 1510 740 2
J 1510 750 2
J 1540 750 5
J 1540 740 5
J 1540 730 5
J 1540 720 5
J 1540 710 5
J 1540 700 5
J 1540 690 5
J 1540 680 5
J 1540 670 5
J 1510 650 2
J 1540 650 5
J 1540 660 5
J 1510 660 2
J 1510 640 2
S 2 22
S 25 2
S 3 20
S 4 19
S 5 18
S 6 17
S 7 16
S 8 15
S 9 14
S 10 13
S 11 12
S 13 12
S 14 13
S 15 14
S 16 15
S 17 16
S 18 17
S 19 18
S 20 19
S 23 20
S 21 22
S 22 23
S 24 23
S 12 1
N 102
J 1010 1100 2
J 1010 1210 2
J 1010 1420 2
J 1010 1520 2
J 1040 1520 3
J 1010 1510 2
J 1040 1510 5
J 1010 1500 2
J 1040 1500 5
J 1010 1490 2
J 1040 1490 5
J 1010 1480 2
J 1040 1480 5
J 1010 1470 2
J 1040 1470 5
J 1010 1460 2
J 1040 1460 5
J 1010 1450 2
J 1040 1450 5
J 1010 1440 2
J 1040 1440 5
J 1010 1430 2
J 1040 1430 5
J 1040 1420 5
J 1010 1410 2
J 1040 1410 5
J 1010 1400 2
J 1040 1400 5
J 1010 1390 2
J 1040 1390 5
J 1010 1380 2
J 1040 1380 5
J 1010 1370 2
J 1040 1370 5
J 1010 1360 2
J 1040 1360 5
J 1010 1350 2
J 1040 1350 5
J 1010 1340 2
J 1040 1340 5
J 1010 1330 2
J 1040 1330 5
J 1010 1310 2
J 1040 1310 5
J 1010 1300 2
J 1040 1300 5
J 1010 1290 2
J 1040 1290 5
J 1010 1280 2
J 1040 1280 5
J 1010 1270 2
J 1040 1270 5
J 1010 1260 2
J 1040 1260 5
J 1010 1250 2
J 1040 1250 5
J 1010 1240 2
J 1040 1240 5
J 1010 1230 2
J 1040 1230 5
J 1010 1220 2
J 1040 1220 5
J 1040 1210 5
J 1010 1200 2
J 1040 1200 5
J 1010 1190 2
J 1040 1190 5
J 1010 1180 2
J 1040 1180 5
J 1010 1170 2
J 1040 1170 5
J 1010 1160 2
J 1040 1160 5
J 1010 1150 2
J 1040 1150 5
J 1010 1140 2
J 1040 1140 5
J 1010 1130 2
J 1040 1130 5
J 1010 1120 2
J 1040 1120 5
J 1010 1110 2
J 1040 1110 5
J 1040 1100 5
J 1010 1090 2
J 1040 1090 5
J 1010 1080 2
J 1040 1080 5
J 1010 1070 2
J 1040 1070 5
J 1010 1060 2
J 1040 1060 5
J 1010 1050 2
J 1040 1050 5
J 1010 1040 2
J 1040 1040 5
J 1010 1030 2
J 1040 1030 5
J 1040 990 2
S 1 84
S 2 63
S 3 24
S 4 5
S 7 5
S 6 7
S 9 7
S 8 9
S 11 9
S 10 11
S 13 11
S 12 13
S 15 13
S 14 15
S 17 15
S 16 17
S 19 17
S 18 19
S 21 19
S 20 21
S 23 21
S 22 23
S 24 23
S 26 24
S 25 26
S 28 26
S 27 28
S 30 28
S 29 30
S 32 30
S 31 32
S 34 32
S 33 34
S 36 34
S 35 36
S 38 36
S 37 38
S 40 38
S 39 40
S 42 40
S 41 42
S 44 42
S 43 44
S 46 44
S 45 46
S 48 46
S 47 48
S 50 48
S 49 50
S 52 50
S 51 52
S 54 52
S 53 54
S 56 54
S 55 56
S 58 56
S 57 58
S 60 58
S 59 60
S 62 60
S 61 62
S 63 62
S 65 63
S 64 65
S 67 65
S 66 67
S 69 67
S 68 69
S 71 69
S 70 71
S 73 71
S 72 73
S 75 73
S 74 75
S 77 75
S 76 77
S 79 77
S 78 79
S 81 79
S 80 81
S 83 81
S 82 83
S 84 83
S 86 84
S 85 86
S 88 86
S 87 88
S 90 88
S 89 90
S 92 90
S 91 92
S 94 92
S 93 94
S 96 94
S 95 96
S 98 96
S 97 98
S 99 98
I 117 VCCINT1V0 1 1020 840 0 1 '
|R 19:14_10-27-05
C 104 1 2 0
I 76 5VLX50TFF1136_4_GND 1 110 930 0 1 '
|R 18:32_10-10-05
A 110 920 10 0 3 3 REFDES=U10
C 103 6 50 0
A 465 1520 10 0 3 3 #=C31
C 103 8 49 0
A 465 1510 10 0 3 3 #=AK30
C 103 10 48 0
A 465 1500 10 0 3 3 #=Y30
C 103 12 47 0
A 465 1490 10 0 3 3 #=K30
C 103 14 46 0
A 465 1480 10 0 3 3 #=AG29
C 103 16 45 0
A 465 1470 10 0 3 3 #=U29
C 103 18 44 0
A 465 1460 10 0 3 3 #=G29
C 103 20 43 0
A 465 1450 10 0 3 3 #=B29
C 103 22 42 0
A 465 1440 10 0 3 3 #=AP28
C 103 24 41 0
A 465 1430 10 0 3 3 #=AD28
C 103 5 40 0
A 465 1420 10 0 3 3 #=P28
C 103 27 39 0
A 465 1410 10 0 3 3 #=D28
C 103 29 38 0
A 465 1400 10 0 3 3 #=AL27
C 103 31 37 0
A 465 1390 10 0 3 3 #=AF27
C 103 33 36 0
A 465 1380 10 0 3 3 #=AA27
C 103 35 35 0
A 465 1370 10 0 3 3 #=L27
C 103 37 34 0
A 465 1360 10 0 3 3 #=A27
C 103 39 33 0
A 465 1350 10 0 3 3 #=AH26
C 103 41 32 0
A 465 1340 10 0 3 3 #=AC26
C 103 43 31 0
A 465 1330 10 0 3 3 #=V26
C 103 4 30 0
A 465 1320 10 0 3 3 #=N26
C 103 46 29 0
A 465 1310 10 0 3 3 #=H26
C 103 48 28 0
A 465 1300 10 0 3 3 #=AE25
C 103 50 27 0
A 465 1290 10 0 3 3 #=Y25
C 103 52 26 0
A 465 1280 10 0 3 3 #=R25
C 103 54 25 0
A 465 1270 10 0 3 3 #=K25
C 103 56 24 0
A 465 1260 10 0 3 3 #=E25
C 103 58 23 0
A 465 1250 10 0 3 3 #=AM24
C 103 60 22 0
A 465 1240 10 0 3 3 #=AG24
C 103 62 21 0
A 465 1230 10 0 3 3 #=AB24
C 103 64 20 0
A 465 1220 10 0 3 3 #=M24
C 103 3 19 0
A 465 1210 10 0 3 3 #=B24
C 103 67 18 0
A 465 1200 10 0 3 3 #=AP23
C 103 69 17 0
A 465 1190 10 0 3 3 #=AJ23
C 103 71 16 0
A 465 1180 10 0 3 3 #=AA23
C 103 73 15 0
A 465 1170 10 0 3 3 #=W23
C 103 75 14 0
A 465 1160 10 0 3 3 #=U23
C 103 77 13 0
A 465 1150 10 0 3 3 #=R23
C 103 79 12 0
A 465 1140 10 0 3 3 #=J23
C 103 81 11 0
A 465 1130 10 0 3 3 #=AF22
C 103 83 10 0
A 465 1120 10 0 3 3 #=AB22
C 103 85 9 0
A 465 1110 10 0 3 3 #=Y22
C 103 2 8 0
A 465 1100 10 0 3 3 #=V22
C 103 88 7 0
A 465 1090 10 0 3 3 #=T22
C 103 101 6 0
A 465 1080 10 0 3 3 #=P22
C 103 90 5 0
A 465 1070 10 0 3 3 #=L22
C 103 91 4 0
A 465 1060 10 0 3 3 #=F22
C 103 92 3 0
A 465 1050 10 0 3 3 #=A22
C 103 93 2 0
A 465 1040 10 0 3 3 #=AN21
C 103 94 1 0
A 465 1030 10 0 3 3 #=AC21
I 75 5VLX50TFF1136_3_GND 1 610 930 0 1 '
|R 18:39_10-10-05
A 610 920 10 0 3 3 REFDES=U10
C 102 3 40 0
A 965 1420 10 0 3 3 #=Y20
C 102 55 23 0
A 965 1250 10 0 3 3 #=Y18
C 102 85 7 0
A 965 1090 10 0 3 3 #=Y16
C 102 6 49 0
A 965 1510 10 0 3 3 #=W21
C 102 41 31 0
A 965 1330 10 0 3 3 #=W19
C 102 25 39 0
A 965 1410 10 0 3 3 #=V20
C 102 87 6 0
A 965 1080 10 0 3 3 #=V16
C 102 8 48 0
A 965 1500 10 0 3 3 #=U21
C 102 27 38 0
A 965 1400 10 0 3 3 #=T20
C 102 89 5 0
A 965 1070 10 0 3 3 #=T16
C 102 10 47 0
A 965 1490 10 0 3 3 #=R21
C 102 43 29 0
A 965 1310 10 0 3 3 #=R19
C 102 72 14 0
A 965 1160 10 0 3 3 #=R17
C 102 29 37 0
A 965 1390 10 0 3 3 #=P20
C 102 57 22 0
A 965 1240 10 0 3 3 #=P18
C 102 91 4 0
A 965 1060 10 0 3 3 #=P16
C 102 12 46 0
A 965 1480 10 0 3 3 #=N21
C 102 45 28 0
A 965 1300 10 0 3 3 #=N19
C 102 74 13 0
A 965 1150 10 0 3 3 #=N17
C 102 31 36 0
A 965 1380 10 0 3 3 #=M20
C 102 59 21 0
A 965 1230 10 0 3 3 #=M18
C 102 93 3 0
A 965 1050 10 0 3 3 #=M16
C 102 76 12 0
A 965 1140 10 0 3 3 #=L17
C 102 33 35 0
A 965 1370 10 0 3 3 #=K20
C 102 61 20 0
A 965 1220 10 0 3 3 #=J18
C 102 14 45 0
A 965 1470 10 0 3 3 #=H21
C 102 95 2 0
A 965 1040 10 0 3 3 #=H16
C 102 47 27 0
A 965 1290 10 0 3 3 #=G19
C 102 2 19 0
A 965 1210 10 0 3 3 #=D18
C 102 16 44 0
A 965 1460 10 0 3 3 #=C21
C 102 49 26 0
A 965 1280 10 0 3 3 #=AP18
C 102 64 18 0
A 965 1200 10 0 3 3 #=AL17
C 102 18 43 0
A 965 1450 10 0 3 3 #=AK20
C 102 80 10 0
A 965 1120 10 0 3 3 #=AH16
C 102 35 34 0
A 965 1360 10 0 3 3 #=AG19
C 102 66 17 0
A 965 1190 10 0 3 3 #=AF17
C 102 20 42 0
A 965 1440 10 0 3 3 #=AE20
C 102 97 1 0
A 965 1030 10 0 3 3 #=AE15
C 102 51 25 0
A 965 1270 10 0 3 3 #=AD18
C 102 82 9 0
A 965 1110 10 0 3 3 #=AD16
C 102 37 33 0
A 965 1350 10 0 3 3 #=AC19
C 102 68 16 0
A 965 1180 10 0 3 3 #=AC17
C 102 22 41 0
A 965 1430 10 0 3 3 #=AB20
C 102 53 24 0
A 965 1260 10 0 3 3 #=AB18
C 102 1 8 0
A 965 1100 10 0 3 3 #=AB16
C 102 4 50 0
A 965 1520 10 0 3 3 #=AA21
C 102 39 32 0
A 965 1340 10 0 3 3 #=AA19
C 102 70 15 0
A 965 1170 10 0 3 3 #=AA17
C 102 78 11 0
A 965 1130 10 0 3 3 #=A17
I 74 5VLX50TFF1136_2_GND 1 1110 920 0 1 '
|R 18:24_10-10-05
A 1110 910 10 0 3 3 REFDES=U10
C 101 6 50 0
A 1465 1520 10 0 3 3 #=AA15
C 101 8 49 0
A 1465 1510 10 0 3 3 #=W15
C 101 10 48 0
A 1465 1500 10 0 3 3 #=U15
C 101 12 47 0
A 1465 1490 10 0 3 3 #=R15
C 101 14 46 0
A 1465 1480 10 0 3 3 #=K15
C 101 16 45 0
A 1465 1470 10 0 3 3 #=E15
C 101 18 44 0
A 1465 1460 10 0 3 3 #=AM14
C 101 20 43 0
A 1465 1450 10 0 3 3 #=AB14
C 101 22 42 0
A 1465 1440 10 0 3 3 #=Y14
C 101 24 41 0
A 1465 1430 10 0 3 3 #=V14
C 101 5 40 0
A 1465 1420 10 0 3 3 #=T14
C 101 27 39 0
A 1465 1410 10 0 3 3 #=P14
C 101 29 38 0
A 1465 1400 10 0 3 3 #=M14
C 101 31 37 0
A 1465 1390 10 0 3 3 #=B14
C 101 33 36 0
A 1465 1380 10 0 3 3 #=AP13
C 101 35 35 0
A 1465 1370 10 0 3 3 #=AJ13
C 101 37 34 0
A 1465 1360 10 0 3 3 #=AC13
C 101 39 33 0
A 1465 1350 10 0 3 3 #=AA13
C 101 41 32 0
A 1465 1340 10 0 3 3 #=W13
C 101 43 31 0
A 1465 1330 10 0 3 3 #=U13
C 101 4 30 0
A 1465 1320 10 0 3 3 #=R13
C 101 46 29 0
A 1465 1310 10 0 3 3 #=N13
C 101 48 28 0
A 1465 1300 10 0 3 3 #=L13
C 101 50 27 0
A 1465 1290 10 0 3 3 #=J13
C 101 52 26 0
A 1465 1280 10 0 3 3 #=AF12
C 101 54 25 0
A 1465 1270 10 0 3 3 #=AD12
C 101 56 24 0
A 1465 1260 10 0 3 3 #=AB12
C 101 58 23 0
A 1465 1250 10 0 3 3 #=Y12
C 101 60 22 0
A 1465 1240 10 0 3 3 #=V12
C 101 62 21 0
A 1465 1230 10 0 3 3 #=T12
C 101 64 20 0
A 1465 1220 10 0 3 3 #=P12
C 101 3 19 0
A 1465 1210 10 0 3 3 #=M12
C 101 67 18 0
A 1465 1200 10 0 3 3 #=F12
C 101 69 17 0
A 1465 1190 10 0 3 3 #=A12
C 101 71 16 0
A 1465 1180 10 0 3 3 #=AP11
C 101 73 15 0
A 1465 1170 10 0 3 3 #=AN11
C 101 75 14 0
A 1465 1160 10 0 3 3 #=AC11
C 101 77 13 0
A 1465 1150 10 0 3 3 #=AA11
C 101 79 12 0
A 1465 1140 10 0 3 3 #=U11
C 101 81 11 0
A 1465 1130 10 0 3 3 #=N11
C 101 83 10 0
A 1465 1120 10 0 3 3 #=C11
C 101 85 9 0
A 1465 1110 10 0 3 3 #=B11
C 101 2 8 0
A 1465 1100 10 0 3 3 #=A11
C 101 88 7 0
A 1465 1090 10 0 3 3 #=AK10
C 101 101 6 0
A 1465 1080 10 0 3 3 #=AE10
C 101 90 5 0
A 1465 1070 10 0 3 3 #=Y10
C 101 91 4 0
A 1465 1060 10 0 3 3 #=R10
C 101 92 3 0
A 1465 1050 10 0 3 3 #=K10
C 101 93 2 0
A 1465 1040 10 0 3 3 #=AL9
C 101 94 1 0
A 1465 1030 10 0 3 3 #=AG9
I 77 5VLX50TFF1136_5_GND 1 110 510 0 1 '
|R 18:34_10-10-05
A 110 500 10 0 3 3 REFDES=U10
C 98 26 19 0
A 465 780 10 0 3 3 #=AM34
C 98 25 18 0
A 465 770 10 0 3 3 #=AG34
C 98 24 17 0
A 465 760 10 0 3 3 #=AB34
C 98 23 16 0
A 465 750 10 0 3 3 #=U34
C 98 22 15 0
A 465 740 10 0 3 3 #=M34
C 98 21 14 0
A 465 730 10 0 3 3 #=G34
C 98 20 13 0
A 465 720 10 0 3 3 #=B34
C 98 19 12 0
A 465 710 10 0 3 3 #=AP33
C 98 18 11 0
A 465 700 10 0 3 3 #=AJ33
C 98 39 10 0
A 465 690 10 0 3 3 #=W33
C 98 36 9 0
A 465 680 10 0 3 3 #=J33
C 98 8 8 0
A 465 670 10 0 3 3 #=D33
C 98 7 7 0
A 465 660 10 0 3 3 #=AF32
C 98 6 6 0
A 465 650 10 0 3 3 #=T32
C 98 5 5 0
A 465 640 10 0 3 3 #=F32
C 98 4 4 0
A 465 630 10 0 3 3 #=A32
C 98 3 3 0
A 465 620 10 0 3 3 #=AN31
C 98 2 2 0
A 465 610 10 0 3 3 #=AC31
C 98 17 1 0
A 465 600 10 0 3 3 #=N31
I 80 5VLX50TFF1136_VCCINT 1 600 120 0 1 '
A 600 110 10 0 3 3 REFDES=U10
C 104 109 54 0
A 955 750 10 0 3 3 #=W22
C 104 6 53 0
A 955 740 10 0 3 3 #=U22
C 104 4 52 0
A 955 730 10 0 3 3 #=R22
C 104 2 51 0
A 955 720 10 0 3 3 #=AB21
C 104 13 50 0
A 955 710 10 0 3 3 #=Y21
C 104 15 49 0
A 955 700 10 0 3 3 #=V21
C 104 17 48 0
A 955 690 10 0 3 3 #=T21
C 104 19 47 0
A 955 680 10 0 3 3 #=P21
C 104 21 46 0
A 955 670 10 0 3 3 #=AC20
C 104 23 45 0
A 955 660 10 0 3 3 #=AA20
C 104 25 44 0
A 955 650 10 0 3 3 #=W20
C 104 27 43 0
A 955 640 10 0 3 3 #=U20
C 104 29 42 0
A 955 630 10 0 3 3 #=R20
C 104 31 41 0
A 955 620 10 0 3 3 #=N20
C 104 12 40 0
A 955 610 10 0 3 3 #=AB19
C 104 34 39 0
A 955 600 10 0 3 3 #=Y19
C 104 36 38 0
A 955 590 10 0 3 3 #=V19
C 104 38 37 0
A 955 580 10 0 3 3 #=T19
C 104 40 36 0
A 955 570 10 0 3 3 #=P19
C 104 42 35 0
A 955 560 10 0 3 3 #=M19
C 104 44 34 0
A 955 550 10 0 3 3 #=AC18
C 104 46 33 0
A 955 540 10 0 3 3 #=AA18
C 104 48 32 0
A 955 530 10 0 3 3 #=R18
C 104 50 31 0
A 955 520 10 0 3 3 #=N18
C 104 11 30 0
A 955 510 10 0 3 3 #=AD17
C 104 53 29 0
A 955 500 10 0 3 3 #=AB17
C 104 55 28 0
A 955 490 10 0 3 3 #=Y17
C 104 57 27 0
A 955 480 10 0 3 3 #=P17
C 104 59 26 0
A 955 470 10 0 3 3 #=M17
C 104 61 25 0
A 955 460 10 0 3 3 #=AC16
C 104 63 24 0
A 955 450 10 0 3 3 #=AA16
C 104 65 23 0
A 955 440 10 0 3 3 #=W16
C 104 67 22 0
A 955 430 10 0 3 3 #=U16
C 104 69 21 0
A 955 420 10 0 3 3 #=R16
C 104 71 20 0
A 955 410 10 0 3 3 #=N16
C 104 10 19 0
A 955 400 10 0 3 3 #=Y15
C 104 74 18 0
A 955 390 10 0 3 3 #=V15
C 104 76 17 0
A 955 380 10 0 3 3 #=T15
C 104 78 16 0
A 955 370 10 0 3 3 #=AA14
C 104 80 15 0
A 955 360 10 0 3 3 #=W14
C 104 82 14 0
A 955 350 10 0 3 3 #=U14
C 104 84 13 0
A 955 340 10 0 3 3 #=R14
C 104 86 12 0
A 955 330 10 0 3 3 #=AD13
C 104 88 11 0
A 955 320 10 0 3 3 #=AB13
C 104 90 10 0
A 955 310 10 0 3 3 #=Y13
C 104 92 9 0
A 955 300 10 0 3 3 #=V13
C 104 9 8 0
A 955 290 10 0 3 3 #=T13
C 104 95 7 0
A 955 280 10 0 3 3 #=P13
C 104 108 6 0
A 955 270 10 0 3 3 #=M13
C 104 97 5 0
A 955 260 10 0 3 3 #=AA12
C 104 98 4 0
A 955 250 10 0 3 3 #=W12
C 104 99 3 0
A 955 240 10 0 3 3 #=U12
C 104 100 2 0
A 955 230 10 0 3 3 #=R12
C 104 101 1 0
A 955 220 10 0 3 3 #=N12
I 73 5VLX50TFF1136_1_GND 1 1600 920 0 1 '
A 1600 910 10 0 3 3 REFDES=U10
C 81 89 50 0
A 1955 1510 10 0 3 3 #=U9
C 81 88 49 0
A 1955 1500 10 0 3 3 #=G9
C 81 87 48 0
A 1955 1490 10 0 3 3 #=D9
C 81 86 47 0
A 1955 1480 10 0 3 3 #=AN8
C 81 85 46 0
A 1955 1470 10 0 3 3 #=AD8
C 81 84 45 0
A 1955 1460 10 0 3 3 #=P8
C 81 83 44 0
A 1955 1450 10 0 3 3 #=B8
C 81 82 43 0
A 1955 1440 10 0 3 3 #=AN7
C 81 81 42 0
A 1955 1430 10 0 3 3 #=AA7
C 81 80 41 0
A 1955 1420 10 0 3 3 #=L7
C 81 101 40 0
A 1955 1410 10 0 3 3 #=F7
C 81 66 39 0
A 1955 1400 10 0 3 3 #=B7
C 81 65 38 0
A 1955 1390 10 0 3 3 #=AL6
C 81 64 37 0
A 1955 1380 10 0 3 3 #=AH6
C 81 63 36 0
A 1955 1370 10 0 3 3 #=V6
C 81 62 35 0
A 1955 1360 10 0 3 3 #=U6
C 81 61 34 0
A 1955 1350 10 0 3 3 #=H6
C 81 60 33 0
A 1955 1340 10 0 3 3 #=D6
C 81 59 32 0
A 1955 1330 10 0 3 3 #=AJ5
C 81 58 31 0
A 1955 1320 10 0 3 3 #=AE5
C 81 79 30 0
A 1955 1310 10 0 3 3 #=Y5
C 81 76 29 0
A 1955 1300 10 0 3 3 #=W5
C 81 44 28 0
A 1955 1290 10 0 3 3 #=T5
C 81 43 27 0
A 1955 1280 10 0 3 3 #=R5
C 81 42 26 0
A 1955 1270 10 0 3 3 #=K5
C 81 41 25 0
A 1955 1260 10 0 3 3 #=E5
C 81 40 24 0
A 1955 1250 10 0 3 3 #=AK4
C 81 39 23 0
A 1955 1240 10 0 3 3 #=AH4
C 81 38 22 0
A 1955 1230 10 0 3 3 #=AE4
C 81 37 21 0
A 1955 1220 10 0 3 3 #=AB4
C 81 36 20 0
A 1955 1210 10 0 3 3 #=W4
C 81 57 19 0
A 1955 1200 10 0 3 3 #=T4
C 81 54 18 0
A 1955 1190 10 0 3 3 #=N4
C 81 22 17 0
A 1955 1180 10 0 3 3 #=M4
C 81 21 16 0
A 1955 1170 10 0 3 3 #=K4
C 81 20 15 0
A 1955 1160 10 0 3 3 #=G4
C 81 19 14 0
A 1955 1150 10 0 3 3 #=AN2
C 81 18 13 0
A 1955 1140 10 0 3 3 #=AM2
C 81 17 12 0
A 1955 1130 10 0 3 3 #=AG2
C 81 16 11 0
A 1955 1120 10 0 3 3 #=AF2
C 81 15 10 0
A 1955 1110 10 0 3 3 #=AA2
C 81 14 9 0
A 1955 1100 10 0 3 3 #=Y2
C 81 35 8 0
A 1955 1090 10 0 3 3 #=R2
C 81 32 7 0
A 1955 1080 10 0 3 3 #=P2
C 81 2 6 0
A 1955 1070 10 0 3 3 #=J2
C 81 4 5 0
A 1955 1060 10 0 3 3 #=H2
C 81 6 4 0
A 1955 1050 10 0 3 3 #=C2
C 81 8 3 0
A 1955 1040 10 0 3 3 #=B2
C 81 10 2 0
A 1955 1030 10 0 3 3 #=AN1
C 81 13 1 0
A 1955 1020 10 0 3 3 #=B1
I 79 5VLX50TFF1136_VCCAUX 1 1110 540 0 1 '
A 1110 530 10 0 3 3 REFDES=U10
C 97 11 12 0
A 1465 750 10 0 3 3 #=U24
C 97 10 11 0
A 1465 740 10 0 3 3 #=Y23
C 97 9 10 0
A 1465 730 10 0 3 3 #=V23
C 97 8 9 0
A 1465 720 10 0 3 3 #=T23
C 97 7 8 0
A 1465 710 10 0 3 3 #=P23
C 97 6 7 0
A 1465 700 10 0 3 3 #=M21
C 97 5 6 0
A 1465 690 10 0 3 3 #=AC12
C 97 4 5 0
A 1465 680 10 0 3 3 #=L12
C 97 3 4 0
A 1465 670 10 0 3 3 #=AB11
C 97 24 3 0
A 1465 660 10 0 3 3 #=V11
C 97 21 2 0
A 1465 650 10 0 3 3 #=P11
C 97 25 1 0
A 1465 640 10 0 3 3 #=M11
I 120 5VLX50TFF1136_SMADC 1 1600 620 0 1 '
|R 20:35_11-28-05
A 1600 610 10 0 3 3 REFDES=U10
C 110 3 947 0
A 2000 760 10 0 9 3 #=U19
T 90 65 34 0 3 FPGA Core Power, and GND
E
