V 51
K 14050350590 ml555_pcie
Y 0
D 0 0 2200 1700
Z 2
i 629
N 613
J 1240 555 2
J 1240 575 2
S 1 2
N 614
J 1160 555 2
J 1160 575 2
S 1 2
N 615
J 1080 575 2
J 1080 555 2
S 2 1
N 616
J 1240 495 2
J 1240 345 3
J 1500 345 1
S 2 1
S 2 3
L 1340 345 10 0 3 0 1 0 USER_LED3_G10
N 617
J 1500 415 1
J 1160 415 3
J 1160 495 2
S 2 1
L 1340 415 10 0 3 0 1 0 USER_LED2_G8
S 2 3
N 619
J 1080 695 2
J 1080 645 2
J 1080 675 5
J 1160 645 2
J 1160 675 5
J 1240 675 3
J 1240 645 2
S 3 1
S 2 3
S 3 5
S 4 5
S 5 6
S 7 6
I 620 ML555_Production_REV01:LED_1206 1 1220 555 3 1 '
|R 23:01_11-10-03
A 1210 535 10 3 3 3 VALUE=BLUE
A 1258 537 10 3 3 3 REFDES=D3
C 616 1 2 0
A 1242 505 10 3 3 3 #=2
C 613 1 1 0
A 1242 543 10 3 9 3 #=1
I 621 ML555_Production_REV01:LED_1206 1 1140 555 3 1 '
|R 23:01_11-10-03
A 1130 535 10 3 3 3 VALUE=BLUE
A 1178 537 10 3 3 3 REFDES=D2
C 617 3 2 0
A 1162 505 10 3 3 3 #=2
C 614 1 1 0
A 1162 543 10 3 9 3 #=1
I 622 ML555_Production_REV01:VCC3V3 1 1070 695 0 1 '
|R 1:54_12-11-01
C 619 1 2 0
I 623 ML555_Production_REV01:LED_1206 1 1060 555 3 1 '
|R 23:01_11-10-03
A 1050 535 10 3 3 3 VALUE=BLUE
A 1098 537 10 3 3 3 REFDES=D1
C 618 3 2 0
A 1082 505 10 3 3 3 #=2
C 615 2 1 0
A 1082 543 10 3 9 3 #=1
N 605
J 1390 1090 2
J 1580 1090 1
S 1 2
L 1410 1090 10 0 3 0 1 0 IIC_SCL_SFP1
N 606
J 1390 1100 2
J 1580 1100 1
S 1 2
L 1410 1100 10 0 3 0 1 0 IIC_SDA_SFP1
N 607
J 1580 1110 1
J 1390 1110 2
S 2 1
L 1410 1110 10 0 3 0 1 0 IIC_SCL_SFP2
N 608
J 1580 1120 1
J 1390 1120 2
S 2 1
L 1410 1120 10 0 3 0 1 0 IIC_SDA_SFP2
N 589
J 1390 1240 2
J 1580 1240 1
S 1 2
L 1410 1240 10 0 3 0 1 0 CPLD_SPARE3
N 588
J 1390 1250 2
J 1580 1250 1
S 1 2
L 1410 1250 10 0 3 0 1 0 CPLD_SPARE2
N 587
J 1580 1260 1
J 1390 1260 2
S 2 1
L 1410 1260 10 0 3 0 1 0 CPLD_SPARE1
N 560
J 1580 1270 1
J 1390 1270 2
S 2 1
L 1530 1280 10 2 3 0 1 0 P1_RXC_RXCLK
N 603
J 1390 1290 2
J 1580 1290 1
S 1 2
L 1540 1300 10 2 3 0 1 0 P1_TXC_GTXCLK
N 604
J 1390 1310 2
J 1580 1310 1
S 1 2
L 1410 1310 10 0 3 0 1 0 RTR
N 585
J 1390 1320 2
J 1580 1320 1
S 1 2
L 1410 1320 10 0 3 0 1 0 PCIW_EN
N 583
J 1390 1330 2
J 1580 1330 1
S 1 2
L 1410 1330 10 0 3 0 1 0 WIDE
N 582
J 1390 1340 2
J 1580 1340 1
S 1 2
L 1410 1340 10 0 3 0 1 0 FORCE
N 556
J 1580 1350 1
J 1390 1350 2
S 2 1
L 1470 1360 10 2 3 0 1 0 P1_CRS
N 557
J 1580 1360 1
J 1390 1360 2
S 2 1
L 1480 1370 10 2 3 0 1 0 P1_RXER
N 568
J 1390 1370 2
J 1580 1370 1
S 1 2
L 1510 1380 10 2 3 0 1 0 P1_TD_TXD1
N 555
J 1580 1380 1
J 1390 1380 2
S 2 1
L 1480 1390 10 2 3 0 1 0 P1_TXD4
N 567
J 1580 1390 1
J 1390 1390 2
S 2 1
L 1540 1400 10 2 3 0 1 0 P1_TXCTL_TXEN
N 570
J 1580 1400 1
J 1390 1400 2
S 2 1
L 1510 1410 10 2 3 0 1 0 P1_RD_RXD1
N 569
J 1580 1410 1
J 1390 1410 2
S 2 1
L 1540 1420 10 2 3 0 1 0 P1_RXCTL_RXDV
N 565
J 1580 1420 1
J 1390 1420 2
S 2 1
L 1470 1430 10 2 3 0 1 0 P1_COL
N 564
J 1580 1430 1
J 1390 1430 2
S 2 1
L 1510 1440 10 2 3 0 1 0 P1_TD_TXD3
N 558
J 1390 1440 2
J 1580 1440 1
S 1 2
L 1480 1450 10 2 3 0 1 0 P1_TXD5
N 559
J 1390 1450 2
J 1580 1450 1
S 1 2
L 1480 1460 10 2 3 0 1 0 P1_TXD6
N 563
J 1580 1460 1
J 1390 1460 2
S 2 1
L 1510 1470 10 2 3 0 1 0 P1_TD_TXD2
N 562
J 1580 1470 1
J 1390 1470 2
S 2 1
L 1510 1480 10 2 3 0 1 0 P1_TD_TXD0
N 561
J 1580 1480 1
J 1390 1480 2
S 2 1
L 1480 1490 10 2 3 0 1 0 P1_TXD7
N 579
J 1440 980 2
J 1390 950 2
J 1440 950 5
J 1390 940 2
J 1440 940 5
J 1440 930 3
J 1390 930 2
S 3 1
S 2 3
S 5 3
S 4 5
S 6 5
S 7 6
I 580 ML555_Production_REV01:VCC2V5 1 1430 980 0 1 '
C 579 1 2 0
I 581 ML555_Production_REV01:5VLX50TFF1136_20_POWER 1 990 820 0 1 '
A 990 810 10 0 3 3 REFDES=U10
C 579 2 3 0
A 1345 950 10 0 3 3 #=H11
C 579 4 2 0
A 1345 940 10 0 3 3 #=E10
C 579 7 1 0
A 1345 930 10 0 3 3 #=J8
N 577
J 550 1310 2
J 730 1310 1
S 1 2
L 690 1320 10 2 3 0 1 0 P0_RXC_RXCLK
N 575
J 550 940 2
J 550 950 2
J 600 990 2
J 600 950 5
J 600 940 5
J 600 930 3
J 550 930 2
S 1 5
S 2 4
S 4 3
S 5 4
S 6 5
S 7 6
I 572 ML555_Production_REV01:5VLX50TFF1136_12 1 150 990 0 1 '
A 150 980 10 0 3 3 REFDES=U10
X 19 0
A 505 1270 10 0 3 3 #=R7
C 498 2 20 0
A 505 1280 10 0 3 3 #=R8
C 512 2 17 0
A 505 1250 10 0 3 3 #=J6
C 500 2 18 0
A 505 1260 10 0 3 3 #=J5
C 503 2 15 0
A 505 1230 10 0 3 3 #=R6
C 501 2 16 0
A 505 1240 10 0 3 3 #=T6
C 505 1 13 0
A 505 1210 10 0 3 3 #=K7
C 504 2 14 0
A 505 1220 10 0 3 3 #=K6
C 507 2 11 0
A 505 1190 10 0 3 3 #=P7
C 506 2 12 0
A 505 1200 10 0 3 3 #=P6
C 509 2 9 0
A 505 1170 10 0 3 3 #=L4
C 508 2 10 0
A 505 1180 10 0 3 3 #=L5
C 511 2 7 0
A 505 1150 10 0 3 3 #=N5
C 510 2 8 0
A 505 1160 10 0 3 3 #=P5
C 514 2 5 0
A 505 1130 10 0 3 3 #=M7
C 513 2 6 0
A 505 1140 10 0 3 3 #=L6
C 517 2 3 0
A 505 1110 10 0 3 3 #=N8
C 515 2 4 0
A 505 1120 10 0 3 3 #=N7
C 530 1 39 0
A 505 1470 10 0 3 3 #=E6
C 531 1 40 0
A 505 1480 10 0 3 3 #=E7
C 529 2 37 0
A 505 1450 10 0 3 3 #=T9
C 532 2 38 0
A 505 1460 10 0 3 3 #=U10
C 528 1 35 0
A 505 1430 10 0 3 3 #=G6
C 533 1 36 0
A 505 1440 10 0 3 3 #=G7
C 527 2 33 0
A 505 1410 10 0 3 3 #=T10
C 534 2 34 0
A 505 1420 10 0 3 3 #=T11
C 526 1 31 0
A 505 1390 10 0 3 3 #=F5
C 535 1 32 0
A 505 1400 10 0 3 3 #=F6
C 521 2 29 0
A 505 1370 10 0 3 3 #=R11
C 520 1 30 0
A 505 1380 10 0 3 3 #=P10
C 523 1 27 0
A 505 1350 10 0 3 3 #=H5
C 522 1 28 0
A 505 1360 10 0 3 3 #=G5
C 525 2 25 0
A 505 1330 10 0 3 3 #=R9
C 524 1 26 0
A 505 1340 10 0 3 3 #=P9
C 577 1 23 0
A 505 1310 10 0 3 3 #=H7
C 576 1 24 0
A 505 1320 10 0 3 3 #=J7
C 499 2 21 0
A 505 1290 10 0 3 3 #=T8
C 497 2 22 0
A 505 1300 10 0 3 3 #=U7
C 519 1 1 0
A 505 1090 10 0 3 3 #=M6
C 518 1 2 0
A 505 1100 10 0 3 3 #=M5
I 573 ML555_Production_REV01:VCC2V5 1 590 990 0 1 '
C 575 3 2 0
I 574 ML555_Production_REV01:5VLX50TFF1136_12_POWER 1 150 820 0 1 '
A 150 810 10 0 3 3 REFDES=U10
C 575 1 2 0
A 505 940 10 0 3 3 #=T7
C 575 7 1 0
A 505 930 10 0 3 3 #=N6
C 575 2 3 0
A 505 950 10 0 3 3 #=M9
N 503
J 730 1230 1
J 550 1230 2
S 2 1
L 640 1240 10 2 3 0 1 0 P0_MDIO
N 504
J 730 1220 1
J 550 1220 2
S 2 1
L 640 1230 10 2 3 0 1 0 P0_RXD7
N 505
J 550 1210 2
J 730 1210 1
S 1 2
L 630 1220 10 2 3 0 1 0 P0_MDC
N 506
J 730 1200 1
J 550 1200 2
S 2 1
L 640 1210 10 2 3 0 1 0 P0_RXD6
N 507
J 730 1190 1
J 550 1190 2
S 2 1
L 670 1200 10 2 3 0 1 0 P0_TD_TXD0
N 508
J 730 1180 1
J 550 1180 2
S 2 1
L 640 1190 10 2 3 0 1 0 P0_RXD5
N 509
J 730 1170 1
J 550 1170 2
S 2 1
L 670 1180 10 2 3 0 1 0 P0_TD_TXD1
N 510
J 730 1160 1
J 550 1160 2
S 2 1
L 640 1170 10 2 3 0 1 0 P0_RXD4
N 511
J 730 1150 1
J 550 1150 2
S 2 1
L 670 1160 10 2 3 0 1 0 P0_TD_TXD2
N 513
J 730 1140 1
J 550 1140 2
S 2 1
L 670 1150 10 2 3 0 1 0 P0_TD_TXD3
N 514
J 730 1130 1
J 550 1130 2
S 2 1
L 670 1140 10 2 3 0 1 0 P0_RD_RXD2
N 515
J 730 1120 1
J 550 1120 2
S 2 1
L 640 1130 10 2 3 0 1 0 P0_TXD4
N 517
J 730 1110 1
J 550 1110 2
S 2 1
L 670 1120 10 2 3 0 1 0 P0_RD_RXD1
N 518
J 550 1100 2
J 730 1100 1
S 1 2
L 640 1110 10 2 3 0 1 0 P0_TXD5
N 519
J 550 1090 2
J 730 1090 1
S 1 2
L 670 1100 10 2 3 0 1 0 P0_RD_RXD0
N 520
J 550 1380 2
J 730 1380 1
S 1 2
L 640 1390 10 2 3 0 1 0 P0_TXD6
N 521
J 730 1370 1
J 550 1370 2
S 2 1
L 630 1380 10 2 3 0 1 0 P0_CRS
N 522
J 550 1360 2
J 730 1360 1
S 1 2
L 630 1370 10 2 3 0 1 0 P0_INT
N 523
J 550 1350 2
J 730 1350 1
S 1 2
L 640 1360 10 2 3 0 1 0 P1_RXD6
N 524
J 550 1340 2
J 730 1340 1
S 1 2
L 640 1350 10 2 3 0 1 0 P0_TXD7
N 525
J 730 1330 1
J 550 1330 2
S 2 1
L 640 1340 10 2 3 0 1 0 P1_RXD5
N 526
J 550 1390 2
J 730 1390 1
S 1 2
L 640 1400 10 2 3 0 1 0 P1_RXD4
N 527
J 730 1410 1
J 550 1410 2
S 2 1
L 670 1420 10 2 3 0 1 0 P1_RD_RXD3
N 528
J 550 1430 2
J 730 1430 1
S 1 2
L 670 1440 10 2 3 0 1 0 P1_RD_RXD2
N 529
J 730 1450 1
J 550 1450 2
S 2 1
L 670 1460 10 2 3 0 1 0 P1_RD_RXD0
N 530
J 550 1470 2
J 730 1470 1
S 1 2
L 640 1480 10 2 3 0 1 0 P1_RXD7
N 531
J 550 1480 2
J 730 1480 1
S 1 2
L 630 1490 10 2 3 0 1 0 P1_MDC
N 532
J 730 1460 1
J 550 1460 2
S 2 1
L 640 1470 10 2 3 0 1 0 P1_MDIO
N 533
J 550 1440 2
J 730 1440 1
S 1 2
L 640 1450 10 2 3 0 1 0 P1_TXER
N 534
J 730 1420 1
J 550 1420 2
S 2 1
L 630 1430 10 2 3 0 1 0 P1_INT
N 535
J 550 1400 2
J 730 1400 1
S 1 2
L 630 1410 10 2 3 0 1 0 P0_COL
I 136 ML555_Production_REV01:CSHEET 1 0 0 0 1 '
|R 15:48_8-9-04
A 1827 128 28 0 6 0 @NAME=ML555_PCIE
A 1332 54 10 0 3 3 AUTHOR=DAVID NAYLOR
A 1652 52 10 0 3 3 @SHEET=18
A 1872 52 15 0 3 3 @DATETIME=8-30-2006_8:08
A 1702 52 10 0 3 3 @SHEETTOTAL=37
N 576
J 550 1320 2
J 730 1320 1
S 1 2
L 640 1330 10 2 3 0 1 0 P0_TXER
N 499
J 730 1290 1
J 550 1290 2
S 2 1
L 700 1300 10 2 3 0 1 0 P0_TXC_GTXCLK
N 497
J 730 1300 1
J 550 1300 2
S 2 1
L 700 1310 10 2 3 0 1 0 P0_TXCTL_TXEN
N 498
J 730 1280 1
J 550 1280 2
S 2 1
L 640 1290 10 2 3 0 1 0 P0_RXER
N 500
J 730 1260 1
J 550 1260 2
S 2 1
L 670 1270 10 2 3 0 1 0 P0_RD_RXD3
N 512
J 730 1250 1
J 550 1250 2
S 2 1
L 700 1260 10 2 3 0 1 0 P0_RXCTL_RXDV
N 501
J 730 1240 1
J 550 1240 2
S 2 1
L 640 1250 10 2 3 0 1 0 RESET_B
I 578 ML555_Production_REV01:5VLX50TFF1136_20 1 990 990 0 1 '
A 990 980 10 0 3 3 REFDES=U10
C 561 2 40 0
A 1345 1480 10 0 3 3 #=G13
C 562 2 39 0
A 1345 1470 10 0 3 3 #=F13
C 563 2 38 0
A 1345 1460 10 0 3 3 #=N9
C 559 1 37 0
A 1345 1450 10 0 3 3 #=N10
C 558 1 36 0
A 1345 1440 10 0 3 3 #=E13
C 564 2 35 0
A 1345 1430 10 0 3 3 #=E12
C 565 2 34 0
A 1345 1420 10 0 3 3 #=L9
C 569 2 33 0
A 1345 1410 10 0 3 3 #=M10
C 570 2 32 0
A 1345 1400 10 0 3 3 #=E11
C 567 2 31 0
A 1345 1390 10 0 3 3 #=F11
C 555 2 30 0
A 1345 1380 10 0 3 3 #=L8
C 568 1 29 0
A 1345 1370 10 0 3 3 #=M8
C 557 2 28 0
A 1345 1360 10 0 3 3 #=G12
C 556 2 27 0
A 1345 1350 10 0 3 3 #=G11
C 582 1 26 0
A 1345 1340 10 0 3 3 #=L11
C 583 1 25 0
A 1345 1330 10 0 3 3 #=L10
C 585 1 24 0
A 1345 1320 10 0 3 3 #=C13
C 604 1 23 0
A 1345 1310 10 0 3 3 #=B13
X 22 0
A 1345 1300 10 0 3 3 #=K9
C 603 1 21 0
A 1345 1290 10 0 3 3 #=K8
X 20 0
A 1345 1280 10 0 3 3 #=J9
C 560 2 19 0
A 1345 1270 10 0 3 3 #=J10
C 587 2 18 0
A 1345 1260 10 0 3 3 #=B12
C 588 1 17 0
A 1345 1250 10 0 3 3 #=A13
C 589 1 16 0
A 1345 1240 10 0 3 3 #=H9
X 15 0
A 1345 1230 10 0 3 3 #=H10
X 14 0
A 1345 1220 10 0 3 3 #=C12
X 13 0
A 1345 1210 10 0 3 3 #=D12
X 12 0
A 1345 1200 10 0 3 3 #=J11
X 11 0
A 1345 1190 10 0 3 3 #=K11
X 10 0
A 1345 1180 10 0 3 3 #=D10
X 9 0
A 1345 1170 10 0 3 3 #=D11
C 612 1 8 0
A 1345 1160 10 0 3 3 #=H8
C 611 1 7 0
A 1345 1150 10 0 3 3 #=G8
C 610 2 6 0
A 1345 1140 10 0 3 3 #=G10
X 5 0
A 1345 1130 10 0 3 3 #=F10
C 608 2 4 0
A 1345 1120 10 0 3 3 #=F8
C 607 2 3 0
A 1345 1110 10 0 3 3 #=F9
C 606 1 2 0
A 1345 1100 10 0 3 3 #=E8
C 605 1 1 0
A 1345 1090 10 0 3 3 #=E9
N 612
J 1390 1160 2
J 1580 1160 1
S 1 2
L 1410 1160 10 0 3 0 1 0 USER_LED1_H8
N 611
J 1390 1150 2
J 1580 1150 1
S 1 2
L 1410 1150 10 0 3 0 1 0 USER_LED2_G8
N 610
J 1580 1140 1
J 1390 1140 2
S 2 1
L 1410 1140 10 0 3 0 1 0 USER_LED3_G10
N 618
J 1500 485 1
J 1080 485 3
J 1080 495 2
S 2 3
S 2 1
L 1340 485 10 0 3 0 1 0 USER_LED1_H8
I 625 ML555_Production_REV01:R0402 1 1100 575 1 1 '
|R 17:16_9-9-04
A 1090 595 10 1 2 3 VALUE=1.0K
A 1070 605 10 1 5 3 REFDES=R18
C 619 2 2 0
A 1079 635 10 1 3 3 #=2
C 615 1 1 0
A 1079 589 10 1 9 3 #=1
I 624 ML555_Production_REV01:R0402 1 1180 575 1 1 '
|R 17:16_9-9-04
A 1170 595 10 1 2 3 VALUE=1.0K
A 1150 605 10 1 5 3 REFDES=R19
C 619 4 2 0
A 1159 635 10 1 3 3 #=2
C 614 2 1 0
A 1159 589 10 1 9 3 #=1
I 626 ML555_Production_REV01:R0402 1 1260 575 1 1 '
|R 17:16_9-9-04
A 1250 595 10 1 2 3 VALUE=1.0K
A 1230 605 10 1 5 3 REFDES=R20
C 619 7 2 0
A 1239 635 10 1 3 3 #=2
C 613 2 1 0
A 1239 589 10 1 9 3 #=1
T 1595 1325 21 0 3 CPLD U6 I/F
T 1595 1305 21 0 3 Sheet13
T 1110 1040 30 0 3 Bank20
T 260 1040 30 0 3 Bank12
T 100 70 36 0 3 Bank20 BERG HDR, CPLD, PF I/F
T 100 130 36 0 3 Bank12 BERG I/F
T 1600 1140 21 0 3 User LED I/F(Sheet14)
T 740 1190 21 0 3 BERGJ16_PDB
T 740 1360 21 0 3 Sheet17
T 740 1170 21 0 3 Sheet17
T 1600 1100 21 0 3 SFP SCL/SDA I/F (Sheet8)
T 1590 1220 21 0 3 CPLD U6 I/F
T 1590 1200 21 0 3 Sheet13
T 740 1380 21 0 3 BERGJ15_PDB
T 1590 1400 21 0 3 Sheet17
T 1590 1425 21 0 3 BERG J15_PDB
E
