V 51
K 234318506700 ml555_pcie
Y 0
D 0 0 2200 1700
Z 2
i 320
N 275
J 995 1360 3
J 770 1345 2
J 770 1360 5
J 990 1130 2
J 1100 1130 2
J 1210 1130 2
J 1320 1130 2
J 1540 1130 2
J 1540 1140 3
J 1430 1130 2
J 1430 1140 5
J 1320 1140 5
J 1210 1140 5
J 1100 1140 5
J 990 1140 5
J 770 1130 2
J 660 1130 2
J 660 1270 2
J 770 1270 2
J 990 1270 2
J 1100 1270 2
J 1210 1270 2
J 1430 1270 2
J 1430 1280 3
J 1320 1270 2
J 1320 1280 5
J 1210 1280 5
J 1100 1280 5
J 990 1280 5
J 880 1270 2
J 880 1280 5
J 770 1280 5
J 660 1280 5
J 610 1380 2
J 880 1345 2
J 880 1360 5
J 660 1345 2
J 660 1360 5
J 610 1360 5
J 610 1280 5
J 660 1200 2
J 770 1200 2
J 880 1200 2
J 990 1200 2
J 1100 1200 2
J 1210 1200 2
J 1540 1200 2
J 1650 1200 2
J 1650 1210 3
J 1540 1210 5
J 1430 1200 2
J 1430 1210 5
J 1320 1200 2
J 1320 1210 5
J 1210 1210 5
J 1100 1210 5
J 990 1210 5
J 880 1210 5
J 770 1210 5
J 660 1210 5
J 610 1210 5
J 610 1140 3
J 660 1140 5
J 770 1140 5
J 880 1140 5
J 880 1130 2
J 995 1345 2
S 67 1
S 36 1
S 2 3
S 38 3
S 66 65
S 64 65
S 63 64
S 62 63
S 62 61
S 61 60
S 60 59
S 59 58
S 58 57
S 57 56
S 56 55
S 55 54
S 53 54
S 54 52
S 51 52
S 52 50
S 50 49
S 48 49
S 47 50
S 46 55
S 45 56
S 44 57
S 43 58
S 42 59
S 41 60
S 61 40
S 40 39
S 39 38
S 37 38
S 3 36
S 35 36
S 39 34
S 40 33
S 33 32
S 32 31
S 30 31
S 31 29
S 29 28
S 28 27
S 27 26
S 25 26
S 26 24
S 23 24
S 22 27
S 21 28
S 20 29
S 19 32
S 18 33
S 17 63
S 16 64
S 65 15
S 15 14
S 14 13
S 13 12
S 12 11
S 10 11
S 11 9
S 8 9
S 7 12
S 6 13
S 5 14
S 4 15
N 276
J 995 1300 3
J 770 1310 2
J 770 1300 5
J 770 1170 2
J 630 1070 2
J 1540 1100 2
J 1540 1090 3
J 1430 1100 2
J 1430 1090 5
J 1320 1100 2
J 1320 1090 5
J 1210 1100 2
J 1210 1090 5
J 1100 1100 2
J 1100 1090 5
J 990 1100 2
J 990 1090 5
J 880 1100 2
J 880 1090 5
J 770 1100 2
J 770 1090 5
J 660 1100 2
J 660 1090 5
J 630 1090 5
J 770 1240 2
J 990 1240 2
J 1100 1240 2
J 1210 1240 2
J 1430 1240 2
J 1430 1230 3
J 1320 1240 2
J 1320 1230 5
J 1210 1230 5
J 1100 1230 5
J 990 1230 5
J 880 1240 2
J 880 1230 5
J 770 1230 5
J 660 1240 2
J 660 1230 5
J 660 1310 2
J 880 1310 2
J 880 1300 5
J 660 1300 5
J 630 1300 3
J 630 1230 5
J 630 1160 5
J 660 1170 2
J 660 1160 5
J 770 1160 5
J 1100 1170 2
J 1540 1170 2
J 1650 1170 2
J 1650 1160 3
J 1540 1160 5
J 1430 1170 2
J 1430 1160 5
J 1320 1170 2
J 1320 1160 5
J 1210 1170 2
J 1210 1160 5
J 1100 1160 5
J 990 1170 2
J 990 1160 5
J 880 1160 5
J 880 1170 2
J 995 1310 2
S 1 67
S 43 1
S 3 2
S 44 3
S 50 4
S 5 24
S 7 6
S 9 7
S 9 8
S 11 9
S 11 10
S 13 11
S 13 12
S 15 13
S 15 14
S 17 15
S 17 16
S 19 17
S 19 18
S 21 19
S 21 20
S 23 21
S 23 22
S 24 23
S 24 47
S 38 25
S 35 26
S 34 27
S 33 28
S 30 29
S 32 30
S 32 31
S 33 32
S 34 33
S 35 34
S 37 35
S 37 36
S 38 37
S 40 38
S 40 39
S 46 40
S 44 41
S 43 42
S 3 43
S 45 44
S 46 45
S 47 46
S 47 49
S 49 48
S 49 50
S 50 65
S 62 51
S 55 52
S 54 53
S 55 54
S 57 55
S 57 56
S 59 57
S 59 58
S 61 59
S 61 60
S 62 61
S 64 62
S 64 63
S 65 64
S 65 66
N 294
J 650 545 2
J 680 645 2
J 790 645 2
J 790 635 3
J 680 635 5
J 1010 715 2
J 1010 705 3
J 900 715 2
J 900 705 5
J 790 715 2
J 790 705 5
J 680 715 2
J 680 705 5
J 650 705 3
J 650 635 5
J 650 565 5
J 680 575 2
J 680 565 5
J 1010 575 2
J 1010 565 3
J 900 575 2
J 900 565 5
J 790 565 5
J 790 575 2
S 1 16
S 5 2
S 4 3
S 5 4
S 15 5
S 7 6
S 9 7
S 9 8
S 11 9
S 11 10
S 13 11
S 13 12
S 14 13
S 15 14
S 16 15
S 16 18
S 18 17
S 18 23
S 20 19
S 22 20
S 22 21
S 23 22
S 23 24
I 228 PCI_VCC 1 620 775 0 1 '
|R 17:27_8-11-04
C 293 24 2 0
I 238 GND 1 640 525 0 1 '
|R 20:19_12-11-03
C 294 1 1 0
I 206 GND 1 620 1050 0 1 '
|R 20:19_12-11-03
C 276 5 1 0
I 210 VCCINT1V0 1 600 1380 0 1 '
|R 19:14_10-27-05
C 275 34 2 0
I 1 CSHEET 1 0 0 0 1 '
|R 15:48_8-9-04
A 1827 128 28 0 6 0 @NAME=ML555_PCIE
A 1332 54 10 0 3 3 AUTHOR=DAVID NAYLOR
A 1652 52 10 0 3 3 @SHEET=35
A 1872 52 15 0 3 3 @DATETIME=6-30-2006_14:11
A 1702 52 10 0 3 3 @SHEETTOTAL=37
I 194 CAP_0805 1 860 1240 0 1 '
|R 20:11_11-19-03
A 910 1240 10 0 3 3 PKG_TYPE=C0805
A 910 1250 10 0 3 3 VALUE=DNA
A 910 1260 10 0 3 3 REFDES=C236
C 276 36 6 0
A 880 1250 10 5 1 3 #=2
C 275 30 5 0
A 880 1260 10 1 1 3 #=1
I 195 CAP_0805 1 970 1240 0 1 '
|R 20:11_11-19-03
A 1020 1240 10 0 3 3 PKG_TYPE=C0805
A 1020 1250 10 0 3 3 VALUE=DNA
A 1020 1260 10 0 3 3 REFDES=C237
C 276 26 6 0
A 990 1250 10 5 1 3 #=2
C 275 20 5 0
A 990 1260 10 1 1 3 #=1
I 184 CAP_0805 1 1080 1240 0 1 '
|R 20:11_11-19-03
A 1130 1240 10 0 3 3 PKG_TYPE=C0805
A 1130 1250 10 0 3 3 VALUE=DNA
A 1130 1260 10 0 3 3 REFDES=C234
C 276 27 6 0
A 1100 1250 10 5 1 3 #=2
C 275 21 5 0
A 1100 1260 10 1 1 3 #=1
I 185 CAP_0805 1 1190 1240 0 1 '
|R 20:11_11-19-03
A 1240 1240 10 0 3 3 PKG_TYPE=C0805
A 1240 1250 10 0 3 3 VALUE=DNA
A 1240 1260 10 0 3 3 REFDES=C235
C 276 28 6 0
A 1210 1250 10 5 1 3 #=2
C 275 22 5 0
A 1210 1260 10 1 1 3 #=1
I 243 CAP_0805 1 1300 1240 0 1 '
|R 20:11_11-19-03
A 1350 1240 10 0 3 3 PKG_TYPE=C0805
A 1350 1250 10 0 3 3 VALUE=DNA
A 1350 1260 10 0 3 3 REFDES=C23
C 276 31 6 0
A 1320 1250 10 5 1 3 #=2
C 275 25 5 0
A 1320 1260 10 1 1 3 #=1
I 241 CAP_0805 1 1410 1240 0 1 '
|R 20:11_11-19-03
A 1460 1240 10 0 3 3 PKG_TYPE=C0805
A 1460 1250 10 0 3 3 VALUE=DNA
A 1460 1260 10 0 3 3 REFDES=C24
C 276 29 6 0
A 1430 1250 10 5 1 3 #=2
C 275 23 5 0
A 1430 1260 10 1 1 3 #=1
I 205 CAP_0402 1 640 1170 0 1 '
|R 21:36_5-24-04
A 690 1170 10 0 3 3 PKG_TYPE=C0402
A 690 1180 10 0 3 3 VALUE=DNA
A 690 1190 10 0 3 3 REFDES=C144
C 276 48 6 0
A 660 1180 10 5 1 3 #=2
C 275 41 5 0
A 660 1190 10 1 1 3 #=1
I 196 CAP_0402 1 750 1170 0 1 '
|R 21:36_5-24-04
A 800 1170 10 0 3 3 PKG_TYPE=C0402
A 800 1180 10 0 3 3 VALUE=DNA
A 800 1190 10 0 3 3 REFDES=C139
C 276 4 6 0
A 770 1180 10 5 1 3 #=2
C 275 42 5 0
A 770 1190 10 1 1 3 #=1
I 200 CAP_0402 1 860 1170 0 1 '
|R 21:36_5-24-04
A 910 1170 10 0 3 3 PKG_TYPE=C0402
A 910 1180 10 0 3 3 VALUE=DNA
A 910 1190 10 0 3 3 REFDES=C140
C 276 66 6 0
A 880 1180 10 5 1 3 #=2
C 275 43 5 0
A 880 1190 10 1 1 3 #=1
I 201 CAP_0402 1 970 1170 0 1 '
|R 21:36_5-24-04
A 1020 1170 10 0 3 3 PKG_TYPE=C0402
A 1020 1180 10 0 3 3 VALUE=DNA
A 1020 1190 10 0 3 3 REFDES=C141
C 276 63 6 0
A 990 1180 10 5 1 3 #=2
C 275 44 5 0
A 990 1190 10 1 1 3 #=1
I 202 CAP_0402 1 1080 1170 0 1 '
|R 21:36_5-24-04
A 1130 1170 10 0 3 3 PKG_TYPE=C0402
A 1130 1180 10 0 3 3 VALUE=DNA
A 1130 1190 10 0 3 3 REFDES=C142
C 276 51 6 0
A 1100 1180 10 5 1 3 #=2
C 275 45 5 0
A 1100 1190 10 1 1 3 #=1
I 187 CAP_0402 1 1190 1170 0 1 '
|R 21:36_5-24-04
A 1240 1170 10 0 3 3 PKG_TYPE=C0402
A 1240 1180 10 0 3 3 VALUE=DNA
A 1240 1190 10 0 3 3 REFDES=C136
C 276 60 6 0
A 1210 1180 10 5 1 3 #=2
C 275 46 5 0
A 1210 1190 10 1 1 3 #=1
I 186 CAP_0402 1 1300 1170 0 1 '
|R 21:36_5-24-04
A 1350 1170 10 0 3 3 PKG_TYPE=C0402
A 1350 1180 10 0 3 3 VALUE=DNA
A 1350 1190 10 0 3 3 REFDES=C135
C 276 58 6 0
A 1320 1180 10 5 1 3 #=2
C 275 53 5 0
A 1320 1190 10 1 1 3 #=1
I 188 CAP_0402 1 1410 1170 0 1 '
|R 21:36_5-24-04
A 1460 1170 10 0 3 3 PKG_TYPE=C0402
A 1460 1180 10 0 3 3 VALUE=DNA
A 1460 1190 10 0 3 3 REFDES=C137
C 276 56 6 0
A 1430 1180 10 5 1 3 #=2
C 275 51 5 0
A 1430 1190 10 1 1 3 #=1
I 189 CAP_0402 1 1520 1170 0 1 '
|R 21:36_5-24-04
A 1570 1170 10 0 3 3 PKG_TYPE=C0402
A 1570 1180 10 0 3 3 VALUE=DNA
A 1570 1190 10 0 3 3 REFDES=C138
C 276 52 6 0
A 1540 1180 10 5 1 3 #=2
C 275 47 5 0
A 1540 1190 10 1 1 3 #=1
I 251 CAP_0402 1 1630 1170 0 1 '
|R 21:36_5-24-04
A 1680 1170 10 0 3 3 PKG_TYPE=C0402
A 1680 1180 10 0 3 3 VALUE=DNA
A 1680 1190 10 0 3 3 REFDES=C348
C 276 53 6 0
A 1650 1180 10 5 1 3 #=2
C 275 48 5 0
A 1650 1190 10 1 1 3 #=1
I 175 CAP_0402 1 640 1100 0 1 '
|R 21:36_5-24-04
A 690 1100 10 0 3 3 PKG_TYPE=C0402
A 690 1110 10 0 3 3 VALUE=DNA
A 690 1120 10 0 3 3 REFDES=C151
C 276 22 6 0
A 660 1110 10 5 1 3 #=2
C 275 17 5 0
A 660 1120 10 1 1 3 #=1
I 181 CAP_0402 1 750 1100 0 1 '
|R 21:36_5-24-04
A 800 1100 10 0 3 3 PKG_TYPE=C0402
A 800 1110 10 0 3 3 VALUE=DNA
A 800 1120 10 0 3 3 REFDES=C134
C 276 20 6 0
A 770 1110 10 5 1 3 #=2
C 275 16 5 0
A 770 1120 10 1 1 3 #=1
I 177 CAP_0402 1 860 1100 0 1 '
|R 21:36_5-24-04
A 910 1100 10 0 3 3 PKG_TYPE=C0402
A 910 1110 10 0 3 3 VALUE=DNA
A 910 1120 10 0 3 3 REFDES=C153
C 276 18 6 0
A 880 1110 10 5 1 3 #=2
C 275 66 5 0
A 880 1120 10 1 1 3 #=1
I 176 CAP_0402 1 970 1100 0 1 '
|R 21:36_5-24-04
A 1020 1100 10 0 3 3 PKG_TYPE=C0402
A 1020 1110 10 0 3 3 VALUE=DNA
A 1020 1120 10 0 3 3 REFDES=C152
C 276 16 6 0
A 990 1110 10 5 1 3 #=2
C 275 4 5 0
A 990 1120 10 1 1 3 #=1
I 178 CAP_0402 1 1080 1100 0 1 '
|R 21:36_5-24-04
A 1130 1100 10 0 3 3 PKG_TYPE=C0402
A 1130 1110 10 0 3 3 VALUE=DNA
A 1130 1120 10 0 3 3 REFDES=C154
C 276 14 6 0
A 1100 1110 10 5 1 3 #=2
C 275 5 5 0
A 1100 1120 10 1 1 3 #=1
I 179 CAP_0402 1 1190 1100 0 1 '
|R 21:36_5-24-04
A 1240 1100 10 0 3 3 PKG_TYPE=C0402
A 1240 1110 10 0 3 3 VALUE=DNA
A 1240 1120 10 0 3 3 REFDES=C132
C 276 12 6 0
A 1210 1110 10 5 1 3 #=2
C 275 6 5 0
A 1210 1120 10 1 1 3 #=1
I 180 CAP_0402 1 1300 1100 0 1 '
|R 21:36_5-24-04
A 1350 1100 10 0 3 3 PKG_TYPE=C0402
A 1350 1110 10 0 3 3 VALUE=DNA
A 1350 1120 10 0 3 3 REFDES=C133
C 276 10 6 0
A 1320 1110 10 5 1 3 #=2
C 275 7 5 0
A 1320 1120 10 1 1 3 #=1
I 173 CAP_0402 1 1410 1100 0 1 '
|R 21:36_5-24-04
A 1460 1100 10 0 3 3 PKG_TYPE=C0402
A 1460 1110 10 0 3 3 VALUE=DNA
A 1460 1120 10 0 3 3 REFDES=C143
C 276 8 6 0
A 1430 1110 10 5 1 3 #=2
C 275 10 5 0
A 1430 1120 10 1 1 3 #=1
I 174 CAP_0402 1 1520 1100 0 1 '
|R 21:36_5-24-04
A 1570 1100 10 0 3 3 PKG_TYPE=C0402
A 1570 1110 10 0 3 3 VALUE=DNA
A 1570 1120 10 0 3 3 REFDES=C147
C 276 6 6 0
A 1540 1110 10 5 1 3 #=2
C 275 8 5 0
A 1540 1120 10 1 1 3 #=1
I 277 CAPT_B_3528 1 670 715 0 1 '
|R 17:56_11-10-03
A 695 730 10 0 3 3 VALUE=47UF
A 695 740 10 0 3 3 REFDES=C41
C 293 15 4 0
A 665 740 10 0 3 3 #=1
C 294 12 3 0
A 665 715 10 0 3 3 #=2
I 278 CAPT_B_3528 1 780 715 0 1 '
|R 17:56_11-10-03
A 805 730 10 0 3 3 VALUE=47UF
A 805 740 10 0 3 3 REFDES=C42
C 293 16 4 0
A 775 740 10 0 3 3 #=1
C 294 10 3 0
A 775 715 10 0 3 3 #=2
I 279 CAPT_B_3528 1 890 715 0 1 '
|R 17:56_11-10-03
A 915 730 10 0 3 3 VALUE=47UF
A 915 740 10 0 3 3 REFDES=C43
C 293 19 4 0
A 885 740 10 0 3 3 #=1
C 294 8 3 0
A 885 715 10 0 3 3 #=2
I 280 CAPT_B_3528 1 1000 715 0 1 '
|R 17:56_11-10-03
A 1025 730 10 0 3 3 VALUE=DNA
A 1025 740 10 0 3 3 REFDES=C44
C 293 17 4 0
A 995 740 10 0 3 3 #=1
C 294 6 3 0
A 995 715 10 0 3 3 #=2
I 199 CAP_0805 1 640 1240 0 1 '
|R 20:11_11-19-03
A 690 1240 10 0 3 3 PKG_TYPE=C0805
A 690 1250 10 0 3 3 VALUE=DNA
A 690 1260 10 0 3 3 REFDES=C238
C 276 39 6 0
A 660 1250 10 5 1 3 #=2
C 275 18 5 0
A 660 1260 10 1 1 3 #=1
I 203 CAP_0805 1 750 1240 0 1 '
|R 20:11_11-19-03
A 800 1240 10 0 3 3 PKG_TYPE=C0805
A 800 1250 10 0 3 3 VALUE=DNA
A 800 1260 10 0 3 3 REFDES=C239
C 276 25 6 0
A 770 1250 10 5 1 3 #=2
C 275 19 5 0
A 770 1260 10 1 1 3 #=1
I 281 CAP_0805 1 660 645 0 1 '
|R 20:11_11-19-03
A 710 645 10 0 3 3 PKG_TYPE=C0805
A 710 655 10 0 3 3 VALUE=DNA
A 710 665 10 0 3 3 REFDES=C222
C 294 2 6 0
A 680 655 10 5 1 3 #=2
C 293 12 5 0
A 680 665 10 1 1 3 #=1
I 282 CAP_0805 1 770 645 0 1 '
|R 20:11_11-19-03
A 820 645 10 0 3 3 PKG_TYPE=C0805
A 820 655 10 0 3 3 VALUE=DNA
A 820 665 10 0 3 3 REFDES=C223
C 294 3 6 0
A 790 655 10 5 1 3 #=2
C 293 10 5 0
A 790 665 10 1 1 3 #=1
N 293
J 1010 605 2
J 1010 615 3
J 900 605 2
J 900 615 5
J 790 605 2
J 790 615 5
J 680 605 2
J 680 615 5
J 630 615 3
J 790 675 2
J 790 685 3
J 680 675 2
J 680 685 5
J 630 685 5
J 680 750 2
J 790 750 2
J 1010 750 2
J 1010 765 3
J 900 750 2
J 900 765 5
J 790 765 5
J 680 765 5
J 630 765 5
J 630 775 2
S 1 2
S 4 2
S 3 4
S 6 4
S 5 6
S 8 6
S 7 8
S 9 8
S 9 14
S 10 11
S 13 11
S 12 13
S 14 13
S 14 23
S 15 22
S 16 21
S 17 18
S 20 18
S 19 20
S 21 20
S 22 21
S 23 22
S 23 24
I 308 CAP_0402 1 660 575 0 1 '
|R 21:36_5-24-04
A 710 575 10 0 3 3 PKG_TYPE=C0402
A 710 585 10 0 3 3 VALUE=DNA
A 710 595 10 0 3 3 REFDES=C224
C 294 17 6 0
A 680 585 10 5 1 3 #=2
C 293 7 5 0
A 680 595 10 1 1 3 #=1
I 309 CAP_0402 1 770 575 0 1 '
|R 21:36_5-24-04
A 820 575 10 0 3 3 PKG_TYPE=C0402
A 820 585 10 0 3 3 VALUE=DNA
A 820 595 10 0 3 3 REFDES=C225
C 294 24 6 0
A 790 585 10 5 1 3 #=2
C 293 5 5 0
A 790 595 10 1 1 3 #=1
I 311 CAP_0402 1 990 575 0 1 '
|R 21:36_5-24-04
A 1040 575 10 0 3 3 PKG_TYPE=C0402
A 1040 585 10 0 3 3 VALUE=DNA
A 1040 595 10 0 3 3 REFDES=C123
C 294 19 6 0
A 1010 585 10 5 1 3 #=2
C 293 1 5 0
A 1010 595 10 1 1 3 #=1
I 208 CAPT_D_7343 1 870 1310 0 1 '
|R 17:57_11-10-03
A 895 1325 10 0 3 3 VALUE=DNA
A 895 1335 10 0 3 3 REFDES=C50
C 275 35 4 0
A 865 1335 10 0 3 3 #=1
C 276 42 3 0
A 865 1310 10 0 3 3 #=2
I 316 CAPT_D_7343 1 985 1310 0 1 '
|R 17:57_11-10-03
A 1010 1325 10 0 3 3 VALUE=DNA
A 1010 1335 10 0 3 3 REFDES=C100
C 275 67 4 0
A 980 1335 10 0 3 3 #=1
C 276 67 3 0
A 980 1310 10 0 3 3 #=2
I 310 CAP_0402 1 880 575 0 1 '
|R 21:36_5-24-04
A 930 575 10 0 3 3 PKG_TYPE=C0402
A 930 585 10 0 3 3 VALUE=DNA
A 930 595 10 0 3 3 REFDES=C122
C 294 21 6 0
A 900 585 10 5 1 3 #=2
C 293 3 5 0
A 900 595 10 1 1 3 #=1
T 160 185 34 0 3 Decoupling Caps for:
T 160 265 34 0 3 Decoupling CAPS Page 4:
T 195 130 34 0 3 1.0V Regulator FPGA Vccint
T 800 1430 34 0 3 1.0V FPGA Vccint
T 1100 730 20 0 3 6.0V Kemet T520B476M006ATE070
Q 5 5 0
T 740 795 34 0 3 3.0V PCI_VCC Vcco
T 190 75 34 0 3 3.0V Regulator PCI_VCC Vcco
T 1090 1330 20 0 3 2.5V Kemet T520V337M2R5ATE025
Q 5 5 0
I 319 CAPT_D_7343_2V 1 650 1310 0 1 '
|R 16:10_5-26-06
A 675 1325 10 0 3 3 VALUE=330UF
A 675 1335 10 0 3 3 REFDES=C48
C 275 37 4 0
A 645 1335 10 0 3 3 #=1
C 276 41 3 0
A 645 1310 10 0 3 3 #=2
I 320 CAPT_D_7343_2V 1 760 1310 0 1 '
|R 16:10_5-26-06
A 785 1325 10 0 3 3 VALUE=330UF
A 785 1335 10 0 3 3 REFDES=C49
C 275 2 4 0
A 755 1335 10 0 3 3 #=1
C 276 2 3 0
A 755 1310 10 0 3 3 #=2
E
