V 51
K 234318506700 ml555_pcie
Y 0
D 0 0 2200 1700
Z 2
i 251
N 228
J 620 1410 2
J 730 1410 2
J 840 1410 2
J 1060 1410 2
J 1060 1390 3
J 950 1410 2
J 950 1390 5
J 840 1390 5
J 730 1390 5
J 620 1390 5
J 400 1290 2
J 620 1330 2
J 840 1330 2
J 1060 1330 2
J 1060 1320 3
J 950 1330 2
J 950 1320 5
J 840 1320 5
J 730 1330 2
J 730 1320 5
J 620 1320 5
J 510 1330 2
J 510 1320 5
J 400 1320 5
J 400 1390 5
J 510 1390 5
J 510 1410 2
J 400 1400 2
S 25 28
S 26 27
S 25 26
S 24 25
S 24 23
S 23 22
S 23 21
S 21 20
S 20 19
S 20 18
S 18 17
S 17 16
S 17 15
S 15 14
S 18 13
S 21 12
S 11 24
S 26 10
S 10 9
S 9 8
S 8 7
S 7 6
S 7 5
S 5 4
S 8 3
S 9 2
S 10 1
N 104
J 390 1065 2
J 390 1055 5
J 500 925 2
J 500 995 2
J 500 985 3
J 390 995 2
J 390 985 5
J 500 1065 2
J 500 1055 3
J 360 1055 3
J 360 985 5
J 360 815 2
J 390 855 2
J 830 855 2
J 830 845 3
J 720 855 2
J 720 845 5
J 610 855 2
J 610 845 5
J 500 855 2
J 500 845 5
J 390 845 5
J 360 845 5
J 360 915 5
J 390 925 2
J 390 915 5
J 500 915 5
J 610 915 3
J 610 925 2
S 2 1
S 10 2
S 27 3
S 5 4
S 7 5
S 7 6
S 11 7
S 9 8
S 2 9
S 11 10
S 24 11
S 12 23
S 22 13
S 15 14
S 17 15
S 17 16
S 19 17
S 19 18
S 21 19
S 21 20
S 22 21
S 23 22
S 23 24
S 24 26
S 26 25
S 26 27
S 27 28
S 28 29
N 107
J 390 1100 2
J 390 1115 5
J 610 885 2
J 830 885 2
J 830 895 3
J 720 885 2
J 720 895 5
J 610 895 5
J 390 955 2
J 610 955 2
J 610 965 3
J 500 955 2
J 500 965 5
J 390 965 5
J 500 1025 2
J 500 1035 3
J 390 1025 2
J 390 1035 5
J 500 1100 2
J 500 1115 3
J 340 1125 2
J 340 1115 5
J 340 1035 5
J 340 965 5
J 340 895 3
J 390 885 2
J 390 895 5
J 500 895 5
J 500 885 2
S 1 2
S 22 2
S 3 8
S 4 5
S 7 5
S 6 7
S 8 7
S 28 8
S 9 14
S 10 11
S 13 11
S 12 13
S 14 13
S 24 14
S 15 16
S 18 16
S 17 18
S 23 18
S 19 20
S 2 20
S 22 21
S 23 22
S 24 23
S 25 24
S 25 27
S 26 27
S 27 28
S 29 28
N 213
J 350 1490 2
J 510 1440 2
J 1060 1440 2
J 1060 1450 3
J 950 1440 2
J 950 1450 5
J 840 1440 2
J 840 1450 5
J 730 1440 2
J 730 1450 5
J 620 1440 2
J 620 1450 5
J 510 1450 5
J 400 1435 2
J 400 1450 5
J 350 1450 5
J 730 1360 2
J 950 1360 2
J 1060 1360 2
J 1060 1370 3
J 950 1370 5
J 840 1360 2
J 840 1370 5
J 730 1370 5
J 620 1360 2
J 620 1370 5
J 510 1360 2
J 510 1370 5
J 350 1370 3
S 16 1
S 2 13
S 3 4
S 6 4
S 5 6
S 8 6
S 7 8
S 10 8
S 9 10
S 12 10
S 11 12
S 13 12
S 15 13
S 14 15
S 16 15
S 29 16
S 17 24
S 18 21
S 19 20
S 21 20
S 23 21
S 22 23
S 24 23
S 26 24
S 25 26
S 28 26
S 27 28
S 29 28
I 212 ML555_Production_REV01:PCIE_VCC12 1 340 1490 0 1 '
|R 16:38_12-13-05
C 213 1 2 0
I 214 ML555_Production_REV01:CAP_0402 1 1040 1330 0 1 '
|R 21:36_5-24-04
A 1090 1330 10 0 3 3 PKG_TYPE=C0402
A 1090 1340 10 0 3 3 VALUE=0.047UF
A 1090 1350 10 0 3 3 REFDES=C293
C 228 14 6 0
A 1060 1340 10 5 1 3 #=2
C 213 19 5 0
A 1060 1350 10 1 1 3 #=1
I 215 ML555_Production_REV01:CAP_0402 1 930 1330 0 1 '
|R 21:36_5-24-04
A 980 1330 10 0 3 3 PKG_TYPE=C0402
A 980 1340 10 0 3 3 VALUE=0.047UF
A 980 1350 10 0 3 3 REFDES=C294
C 228 16 6 0
A 950 1340 10 5 1 3 #=2
C 213 18 5 0
A 950 1350 10 1 1 3 #=1
I 216 ML555_Production_REV01:CAP_0402 1 820 1330 0 1 '
|R 21:36_5-24-04
A 870 1330 10 0 3 3 PKG_TYPE=C0402
A 870 1340 10 0 3 3 VALUE=0.047UF
A 870 1350 10 0 3 3 REFDES=C283
C 228 13 6 0
A 840 1340 10 5 1 3 #=2
C 213 22 5 0
A 840 1350 10 1 1 3 #=1
I 217 ML555_Production_REV01:CAP_0402 1 710 1330 0 1 '
|R 21:36_5-24-04
A 760 1330 10 0 3 3 PKG_TYPE=C0402
A 760 1340 10 0 3 3 VALUE=0.047UF
A 760 1350 10 0 3 3 REFDES=C284
C 228 19 6 0
A 730 1340 10 5 1 3 #=2
C 213 17 5 0
A 730 1350 10 1 1 3 #=1
I 218 ML555_Production_REV01:CAP_0402 1 600 1330 0 1 '
|R 21:36_5-24-04
A 650 1330 10 0 3 3 PKG_TYPE=C0402
A 650 1340 10 0 3 3 VALUE=0.047UF
A 650 1350 10 0 3 3 REFDES=C282
C 228 12 6 0
A 620 1340 10 5 1 3 #=2
C 213 25 5 0
A 620 1350 10 1 1 3 #=1
I 219 ML555_Production_REV01:CAP_0402 1 490 1330 0 1 '
|R 21:36_5-24-04
A 540 1330 10 0 3 3 PKG_TYPE=C0402
A 540 1340 10 0 3 3 VALUE=0.047UF
A 540 1350 10 0 3 3 REFDES=C281
C 228 22 6 0
A 510 1340 10 5 1 3 #=2
C 213 27 5 0
A 510 1350 10 1 1 3 #=1
I 220 ML555_Production_REV01:CAP_0402 1 1040 1410 0 1 '
|R 21:36_5-24-04
A 1090 1410 10 0 3 3 PKG_TYPE=C0402
A 1090 1420 10 0 3 3 VALUE=0.22UF
A 1090 1430 10 0 3 3 REFDES=C263
C 228 4 6 0
A 1060 1420 10 5 1 3 #=2
C 213 3 5 0
A 1060 1430 10 1 1 3 #=1
I 221 ML555_Production_REV01:CAP_0402 1 930 1410 0 1 '
|R 21:36_5-24-04
A 980 1410 10 0 3 3 PKG_TYPE=C0402
A 980 1420 10 0 3 3 VALUE=0.22UF
A 980 1430 10 0 3 3 REFDES=C264
C 228 6 6 0
A 950 1420 10 5 1 3 #=2
C 213 5 5 0
A 950 1430 10 1 1 3 #=1
I 222 ML555_Production_REV01:CAP_0402 1 820 1410 0 1 '
|R 21:36_5-24-04
A 870 1410 10 0 3 3 PKG_TYPE=C0402
A 870 1420 10 0 3 3 VALUE=0.22UF
A 870 1430 10 0 3 3 REFDES=C253
C 228 3 6 0
A 840 1420 10 5 1 3 #=2
C 213 7 5 0
A 840 1430 10 1 1 3 #=1
I 223 ML555_Production_REV01:CAP_0402 1 710 1410 0 1 '
|R 21:36_5-24-04
A 760 1410 10 0 3 3 PKG_TYPE=C0402
A 760 1420 10 0 3 3 VALUE=0.22UF
A 760 1430 10 0 3 3 REFDES=C254
C 228 2 6 0
A 730 1420 10 5 1 3 #=2
C 213 9 5 0
A 730 1430 10 1 1 3 #=1
I 224 ML555_Production_REV01:CAP_0402 1 600 1410 0 1 '
|R 21:36_5-24-04
A 650 1410 10 0 3 3 PKG_TYPE=C0402
A 650 1420 10 0 3 3 VALUE=0.22UF
A 650 1430 10 0 3 3 REFDES=C252
C 228 1 6 0
A 620 1420 10 5 1 3 #=2
C 213 11 5 0
A 620 1430 10 1 1 3 #=1
I 225 ML555_Production_REV01:CAP_0402 1 490 1410 0 1 '
|R 21:36_5-24-04
A 540 1410 10 0 3 3 PKG_TYPE=C0402
A 540 1420 10 0 3 3 VALUE=0.22UF
A 540 1430 10 0 3 3 REFDES=C251
C 228 27 6 0
A 510 1420 10 5 1 3 #=2
C 213 2 5 0
A 510 1430 10 1 1 3 #=1
I 227 ML555_Production_REV01:GND 1 390 1270 0 1 '
|R 20:19_12-11-03
C 228 11 1 0
N 103
J 1390 385 2
J 1280 385 2
J 1170 385 2
J 840 385 2
J 730 385 2
J 620 385 2
J 510 385 2
J 400 385 2
J 370 345 2
J 510 455 2
J 730 455 2
J 1060 455 2
J 1060 445 3
J 950 455 2
J 950 445 5
J 840 455 2
J 840 445 5
J 730 445 5
J 620 455 2
J 620 445 5
J 510 445 5
J 400 455 2
J 400 445 5
J 620 595 2
J 620 585 3
J 510 595 2
J 510 585 5
J 400 595 2
J 400 585 5
J 370 585 3
J 400 525 2
J 730 525 2
J 730 515 3
J 620 525 2
J 620 515 5
J 510 525 2
J 510 515 5
J 400 515 5
J 370 515 5
J 370 445 5
J 370 375 5
J 400 375 5
J 510 375 5
J 620 375 5
J 730 375 5
J 840 375 5
J 950 385 2
J 950 375 5
J 1060 385 2
J 1060 375 5
J 1170 375 5
J 1280 375 5
J 1390 375 5
J 1500 385 2
J 1500 375 5
J 1610 385 2
J 1610 375 5
J 1720 385 2
J 1720 375 5
J 1830 385 2
J 1830 375 5
J 1940 375 3
J 1940 385 2
S 53 1
S 52 2
S 51 3
S 46 4
S 45 5
S 44 6
S 43 7
S 42 8
S 9 41
S 21 10
S 18 11
S 13 12
S 15 13
S 15 14
S 17 15
S 17 16
S 18 17
S 20 18
S 20 19
S 21 20
S 23 21
S 23 22
S 40 23
S 25 24
S 27 25
S 27 26
S 29 27
S 29 28
S 30 29
S 39 30
S 38 31
S 33 32
S 35 33
S 35 34
S 37 35
S 37 36
S 38 37
S 39 38
S 40 39
S 41 40
S 41 42
S 42 43
S 43 44
S 44 45
S 45 46
S 46 48
S 48 47
S 48 50
S 50 49
S 50 51
S 51 52
S 52 53
S 53 55
S 55 54
S 55 57
S 57 56
S 57 59
S 59 58
S 59 61
S 61 60
S 61 62
S 62 63
N 108
J 620 415 2
J 730 415 2
J 840 415 2
J 950 415 2
J 1060 415 2
J 1170 415 2
J 1280 415 2
J 1390 415 2
J 1500 415 2
J 1610 415 2
J 1720 415 2
J 1830 415 2
J 1940 415 2
J 1940 425 3
J 1830 425 5
J 1720 425 5
J 1610 425 5
J 1500 425 5
J 1390 425 5
J 1280 425 5
J 1170 425 5
J 1060 425 5
J 950 425 5
J 840 425 5
J 730 425 5
J 620 425 5
J 400 485 2
J 510 485 2
J 620 485 2
J 730 485 2
J 840 485 2
J 950 485 2
J 1060 485 2
J 1060 495 3
J 950 495 5
J 840 495 5
J 730 495 5
J 620 495 5
J 510 495 5
J 400 495 5
J 400 555 2
J 510 555 2
J 620 555 2
J 730 555 2
J 730 565 3
J 620 565 5
J 510 565 5
J 400 565 5
J 620 630 2
J 620 645 3
J 510 630 2
J 510 645 5
J 400 630 2
J 400 645 5
J 350 655 2
J 350 645 5
J 350 565 5
J 350 495 5
J 350 425 3
J 400 415 2
J 400 425 5
J 510 425 5
J 510 415 2
S 1 26
S 2 25
S 3 24
S 4 23
S 5 22
S 6 21
S 7 20
S 8 19
S 9 18
S 10 17
S 11 16
S 12 15
S 13 14
S 15 14
S 16 15
S 17 16
S 18 17
S 19 18
S 20 19
S 21 20
S 22 21
S 23 22
S 24 23
S 25 24
S 26 25
S 62 26
S 27 40
S 28 39
S 29 38
S 30 37
S 31 36
S 32 35
S 33 34
S 35 34
S 36 35
S 37 36
S 38 37
S 39 38
S 40 39
S 58 40
S 41 48
S 42 47
S 43 46
S 44 45
S 46 45
S 47 46
S 48 47
S 57 48
S 49 50
S 52 50
S 51 52
S 54 52
S 53 54
S 56 54
S 56 55
S 57 56
S 58 57
S 59 58
S 59 61
S 60 61
S 61 62
S 63 62
I 116 ML555_Production_REV01:CAP_0402 1 1590 385 0 1 '
|R 21:36_5-24-04
A 1640 385 10 0 3 3 PKG_TYPE=C0402
A 1640 395 10 0 3 3 VALUE=0.1UF
A 1640 405 10 0 3 3 REFDES=C57
C 103 56 6 0
A 1610 395 10 5 1 3 #=2
C 108 10 5 0
A 1610 405 10 1 1 3 #=1
I 117 ML555_Production_REV01:CAP_0402 1 1480 385 0 1 '
|R 21:36_5-24-04
A 1530 385 10 0 3 3 PKG_TYPE=C0402
A 1530 395 10 0 3 3 VALUE=0.1UF
A 1530 405 10 0 3 3 REFDES=C58
C 103 54 6 0
A 1500 395 10 5 1 3 #=2
C 108 9 5 0
A 1500 405 10 1 1 3 #=1
I 118 ML555_Production_REV01:CAP_0402 1 1700 385 0 1 '
|R 21:36_5-24-04
A 1750 385 10 0 3 3 PKG_TYPE=C0402
A 1750 395 10 0 3 3 VALUE=0.1UF
A 1750 405 10 0 3 3 REFDES=C59
C 103 58 6 0
A 1720 395 10 5 1 3 #=2
C 108 11 5 0
A 1720 405 10 1 1 3 #=1
I 119 ML555_Production_REV01:CAP_0402 1 1810 385 0 1 '
|R 21:36_5-24-04
A 1860 385 10 0 3 3 PKG_TYPE=C0402
A 1860 395 10 0 3 3 VALUE=0.1UF
A 1860 405 10 0 3 3 REFDES=C60
C 103 60 6 0
A 1830 395 10 5 1 3 #=2
C 108 12 5 0
A 1830 405 10 1 1 3 #=1
I 120 ML555_Production_REV01:CAP_0402 1 1920 385 0 1 '
|R 21:36_5-24-04
A 1970 385 10 0 3 3 PKG_TYPE=C0402
A 1970 395 10 0 3 3 VALUE=0.1UF
A 1970 405 10 0 3 3 REFDES=C61
C 103 63 6 0
A 1940 395 10 5 1 3 #=2
C 108 13 5 0
A 1940 405 10 1 1 3 #=1
I 121 ML555_Production_REV01:CAP_0402 1 1040 385 0 1 '
|R 21:36_5-24-04
A 1090 385 10 0 3 3 PKG_TYPE=C0402
A 1090 395 10 0 3 3 VALUE=0.1UF
A 1090 405 10 0 3 3 REFDES=C52
C 103 49 6 0
A 1060 395 10 5 1 3 #=2
C 108 5 5 0
A 1060 405 10 1 1 3 #=1
I 122 ML555_Production_REV01:CAP_0402 1 930 385 0 1 '
|R 21:36_5-24-04
A 980 385 10 0 3 3 PKG_TYPE=C0402
A 980 395 10 0 3 3 VALUE=0.1UF
A 980 405 10 0 3 3 REFDES=C53
C 103 47 6 0
A 950 395 10 5 1 3 #=2
C 108 4 5 0
A 950 405 10 1 1 3 #=1
I 123 ML555_Production_REV01:CAP_0402 1 1150 385 0 1 '
|R 21:36_5-24-04
A 1200 385 10 0 3 3 PKG_TYPE=C0402
A 1200 395 10 0 3 3 VALUE=0.1UF
A 1200 405 10 0 3 3 REFDES=C54
C 103 3 6 0
A 1170 395 10 5 1 3 #=2
C 108 6 5 0
A 1170 405 10 1 1 3 #=1
I 124 ML555_Production_REV01:CAP_0402 1 1260 385 0 1 '
|R 21:36_5-24-04
A 1310 385 10 0 3 3 PKG_TYPE=C0402
A 1310 395 10 0 3 3 VALUE=0.1UF
A 1310 405 10 0 3 3 REFDES=C55
C 103 2 6 0
A 1280 395 10 5 1 3 #=2
C 108 7 5 0
A 1280 405 10 1 1 3 #=1
I 125 ML555_Production_REV01:CAP_0402 1 1370 385 0 1 '
|R 21:36_5-24-04
A 1420 385 10 0 3 3 PKG_TYPE=C0402
A 1420 395 10 0 3 3 VALUE=0.1UF
A 1420 405 10 0 3 3 REFDES=C56
C 103 1 6 0
A 1390 395 10 5 1 3 #=2
C 108 8 5 0
A 1390 405 10 1 1 3 #=1
I 126 ML555_Production_REV01:CAP_0603 1 710 455 0 1 '
|R 18:00_11-10-03
A 760 455 10 0 3 3 PKG_TYPE=C0603
A 760 465 10 0 3 3 VALUE=1UF
A 760 475 10 0 3 3 REFDES=C156
C 103 11 6 0
A 730 465 10 5 1 3 #=2
C 108 30 5 0
A 730 475 10 1 1 3 #=1
I 127 ML555_Production_REV01:CAP_0603 1 1040 455 0 1 '
|R 18:00_11-10-03
A 1090 455 10 0 3 3 PKG_TYPE=C0603
A 1090 465 10 0 3 3 VALUE=1UF
A 1090 475 10 0 3 3 REFDES=C155
C 103 12 6 0
A 1060 465 10 5 1 3 #=2
C 108 33 5 0
A 1060 475 10 1 1 3 #=1
I 128 ML555_Production_REV01:CAP_0603 1 930 455 0 1 '
|R 18:00_11-10-03
A 980 455 10 0 3 3 PKG_TYPE=C0603
A 980 465 10 0 3 3 VALUE=1UF
A 980 475 10 0 3 3 REFDES=C165
C 103 14 6 0
A 950 465 10 5 1 3 #=2
C 108 32 5 0
A 950 475 10 1 1 3 #=1
I 129 ML555_Production_REV01:CAP_0603 1 820 455 0 1 '
|R 18:00_11-10-03
A 870 455 10 0 3 3 PKG_TYPE=C0603
A 870 465 10 0 3 3 VALUE=1UF
A 870 475 10 0 3 3 REFDES=C166
C 103 16 6 0
A 840 465 10 5 1 3 #=2
C 108 31 5 0
A 840 475 10 1 1 3 #=1
I 130 ML555_Production_REV01:CAP_0805 1 600 525 0 1 '
|R 20:11_11-19-03
A 650 525 10 0 3 3 PKG_TYPE=C0805
A 650 535 10 0 3 3 VALUE=4.7UF
A 650 545 10 0 3 3 REFDES=C215
C 103 34 6 0
A 620 535 10 5 1 3 #=2
C 108 43 5 0
A 620 545 10 1 1 3 #=1
I 131 ML555_Production_REV01:CAP_0805 1 710 525 0 1 '
|R 20:11_11-19-03
A 760 525 10 0 3 3 PKG_TYPE=C0805
A 760 535 10 0 3 3 VALUE=4.7UF
A 760 545 10 0 3 3 REFDES=C214
C 103 32 6 0
A 730 535 10 5 1 3 #=2
C 108 44 5 0
A 730 545 10 1 1 3 #=1
I 132 ML555_Production_REV01:GND 1 360 325 0 1 '
|R 20:19_12-11-03
C 103 9 1 0
I 133 ML555_Production_REV01:CAP_0402 1 490 385 0 1 '
|R 21:36_5-24-04
A 540 385 10 0 3 3 PKG_TYPE=C0402
A 540 395 10 0 3 3 VALUE=0.1UF
A 540 405 10 0 3 3 REFDES=C69
C 103 7 6 0
A 510 395 10 5 1 3 #=2
C 108 63 5 0
A 510 405 10 1 1 3 #=1
I 134 ML555_Production_REV01:CAP_0402 1 380 385 0 1 '
|R 21:36_5-24-04
A 430 385 10 0 3 3 PKG_TYPE=C0402
A 430 395 10 0 3 3 VALUE=0.1UF
A 430 405 10 0 3 3 REFDES=C70
C 103 8 6 0
A 400 395 10 5 1 3 #=2
C 108 60 5 0
A 400 405 10 1 1 3 #=1
I 135 ML555_Production_REV01:CAP_0603 1 600 455 0 1 '
|R 18:00_11-10-03
A 650 455 10 0 3 3 PKG_TYPE=C0603
A 650 465 10 0 3 3 VALUE=1UF
A 650 475 10 0 3 3 REFDES=C162
C 103 19 6 0
A 620 465 10 5 1 3 #=2
C 108 29 5 0
A 620 475 10 1 1 3 #=1
I 136 ML555_Production_REV01:CAP_0603 1 380 455 0 1 '
|R 18:00_11-10-03
A 430 455 10 0 3 3 PKG_TYPE=C0603
A 430 465 10 0 3 3 VALUE=1UF
A 430 475 10 0 3 3 REFDES=C164
C 103 22 6 0
A 400 465 10 5 1 3 #=2
C 108 27 5 0
A 400 475 10 1 1 3 #=1
I 137 ML555_Production_REV01:CAP_0805 1 380 525 0 1 '
|R 20:11_11-19-03
A 430 525 10 0 3 3 PKG_TYPE=C0805
A 430 535 10 0 3 3 VALUE=4.7UF
A 430 545 10 0 3 3 REFDES=C213
C 103 31 6 0
A 400 535 10 5 1 3 #=2
C 108 41 5 0
A 400 545 10 1 1 3 #=1
I 138 ML555_Production_REV01:CAP_0402 1 600 385 0 1 '
|R 21:36_5-24-04
A 650 385 10 0 3 3 PKG_TYPE=C0402
A 650 395 10 0 3 3 VALUE=0.1UF
A 650 405 10 0 3 3 REFDES=C71
C 103 6 6 0
A 620 395 10 5 1 3 #=2
C 108 1 5 0
A 620 405 10 1 1 3 #=1
I 139 ML555_Production_REV01:CAP_0402 1 710 385 0 1 '
|R 21:36_5-24-04
A 760 385 10 0 3 3 PKG_TYPE=C0402
A 760 395 10 0 3 3 VALUE=0.1UF
A 760 405 10 0 3 3 REFDES=C72
C 103 5 6 0
A 730 395 10 5 1 3 #=2
C 108 2 5 0
A 730 405 10 1 1 3 #=1
I 140 ML555_Production_REV01:CAP_0402 1 820 385 0 1 '
|R 21:36_5-24-04
A 870 385 10 0 3 3 PKG_TYPE=C0402
A 870 395 10 0 3 3 VALUE=0.1UF
A 870 405 10 0 3 3 REFDES=C73
C 103 4 6 0
A 840 395 10 5 1 3 #=2
C 108 3 5 0
A 840 405 10 1 1 3 #=1
I 141 ML555_Production_REV01:GND 1 350 795 0 1 '
|R 20:19_12-11-03
C 104 12 1 0
I 142 ML555_Production_REV01:CAP_0402 1 480 855 0 1 '
|R 21:36_5-24-04
A 530 855 10 0 3 3 PKG_TYPE=C0402
A 530 865 10 0 3 3 VALUE=0.1UF
A 530 875 10 0 3 3 REFDES=C65
C 104 20 6 0
A 500 865 10 5 1 3 #=2
C 107 29 5 0
A 500 875 10 1 1 3 #=1
I 143 ML555_Production_REV01:CAP_0402 1 370 855 0 1 '
|R 21:36_5-24-04
A 420 855 10 0 3 3 PKG_TYPE=C0402
A 420 865 10 0 3 3 VALUE=0.1UF
A 420 875 10 0 3 3 REFDES=C64
C 104 13 6 0
A 390 865 10 5 1 3 #=2
C 107 26 5 0
A 390 875 10 1 1 3 #=1
I 144 ML555_Production_REV01:CAP_0603 1 590 925 0 1 '
|R 18:00_11-10-03
A 640 925 10 0 3 3 PKG_TYPE=C0603
A 640 935 10 0 3 3 VALUE=1UF
A 640 945 10 0 3 3 REFDES=C161
C 104 29 6 0
A 610 935 10 5 1 3 #=2
C 107 10 5 0
A 610 945 10 1 1 3 #=1
I 145 ML555_Production_REV01:CAP_0603 1 480 925 0 1 '
|R 18:00_11-10-03
A 530 925 10 0 3 3 PKG_TYPE=C0603
A 530 935 10 0 3 3 VALUE=1UF
A 530 945 10 0 3 3 REFDES=C160
C 104 3 6 0
A 500 935 10 5 1 3 #=2
C 107 12 5 0
A 500 945 10 1 1 3 #=1
I 146 ML555_Production_REV01:CAP_0603 1 370 925 0 1 '
|R 18:00_11-10-03
A 420 925 10 0 3 3 PKG_TYPE=C0603
A 420 935 10 0 3 3 VALUE=1UF
A 420 945 10 0 3 3 REFDES=C159
C 104 25 6 0
A 390 935 10 5 1 3 #=2
C 107 9 5 0
A 390 945 10 1 1 3 #=1
I 147 ML555_Production_REV01:CAP_0805 1 480 995 0 1 '
|R 20:11_11-19-03
A 530 995 10 0 3 3 PKG_TYPE=C0805
A 530 1005 10 0 3 3 VALUE=4.7UF
A 530 1015 10 0 3 3 REFDES=C211
C 104 4 6 0
A 500 1005 10 5 1 3 #=2
C 107 15 5 0
A 500 1015 10 1 1 3 #=1
I 148 ML555_Production_REV01:CAP_0805 1 370 995 0 1 '
|R 20:11_11-19-03
A 420 995 10 0 3 3 PKG_TYPE=C0805
A 420 1005 10 0 3 3 VALUE=4.7UF
A 420 1015 10 0 3 3 REFDES=C210
C 104 6 6 0
A 390 1005 10 5 1 3 #=2
C 107 17 5 0
A 390 1015 10 1 1 3 #=1
I 159 ML555_Production_REV01:CAP_0402 1 590 855 0 1 '
|R 21:36_5-24-04
A 640 855 10 0 3 3 PKG_TYPE=C0402
A 640 865 10 0 3 3 VALUE=0.1UF
A 640 875 10 0 3 3 REFDES=C66
C 104 18 6 0
A 610 865 10 5 1 3 #=2
C 107 3 5 0
A 610 875 10 1 1 3 #=1
I 160 ML555_Production_REV01:CAP_0402 1 700 855 0 1 '
|R 21:36_5-24-04
A 750 855 10 0 3 3 PKG_TYPE=C0402
A 750 865 10 0 3 3 VALUE=0.1UF
A 750 875 10 0 3 3 REFDES=C67
C 104 16 6 0
A 720 865 10 5 1 3 #=2
C 107 6 5 0
A 720 875 10 1 1 3 #=1
I 161 ML555_Production_REV01:CAP_0402 1 810 855 0 1 '
|R 21:36_5-24-04
A 860 855 10 0 3 3 PKG_TYPE=C0402
A 860 865 10 0 3 3 VALUE=0.1UF
A 860 875 10 0 3 3 REFDES=C68
C 104 14 6 0
A 830 865 10 5 1 3 #=2
C 107 4 5 0
A 830 875 10 1 1 3 #=1
I 162 ML555_Production_REV01:CAP_0805 1 490 525 0 1 '
|R 20:11_11-19-03
A 540 525 10 0 3 3 PKG_TYPE=C0805
A 540 535 10 0 3 3 VALUE=4.7UF
A 540 545 10 0 3 3 REFDES=C212
C 103 36 6 0
A 510 535 10 5 1 3 #=2
C 108 42 5 0
A 510 545 10 1 1 3 #=1
I 163 ML555_Production_REV01:CAP_0603 1 490 455 0 1 '
|R 18:00_11-10-03
A 540 455 10 0 3 3 PKG_TYPE=C0603
A 540 465 10 0 3 3 VALUE=1UF
A 540 475 10 0 3 3 REFDES=C163
C 103 10 6 0
A 510 465 10 5 1 3 #=2
C 108 28 5 0
A 510 475 10 1 1 3 #=1
I 164 ML555_Production_REV01:VCC5 1 330 1125 0 1 '
|R 18:53_8-1-04
C 107 21 2 0
I 1 ML555_Production_REV01:CSHEET 1 0 0 0 1 '
|R 15:48_8-9-04
A 1827 128 28 0 6 0 @NAME=ML555_PCIE
A 1332 54 10 0 3 3 AUTHOR=DAVID NAYLOR
A 1652 52 10 0 3 3 @SHEET=32
A 1872 52 15 0 3 3 @DATETIME=8-29-2006_17:41
A 1702 52 10 0 3 3 @SHEETTOTAL=37
I 235 ML555_Production_REV01:CAPT_D_7343_6V 1 490 1065 0 1 '
|R 16:10_5-26-06
A 515 1080 10 0 3 3 VALUE=330UF
A 515 1090 10 0 3 3 REFDES=C31
C 107 19 4 0
A 485 1090 10 0 3 3 #=1
C 104 8 3 0
A 485 1065 10 0 3 3 #=2
I 238 ML555_Production_REV01:CAPT_D_7343_6V 1 380 1065 0 1 '
|R 16:10_5-26-06
A 405 1080 10 0 3 3 VALUE=330UF
A 405 1090 10 0 3 3 REFDES=C30
C 107 1 4 0
A 375 1090 10 0 3 3 #=1
C 104 1 3 0
A 375 1065 10 0 3 3 #=2
I 241 ML555_Production_REV01:CAPT_D_7343_6V 1 390 595 0 1 '
|R 16:10_5-26-06
A 415 610 10 0 3 3 VALUE=330UF
A 415 620 10 0 3 3 REFDES=C33
C 108 53 4 0
A 385 620 10 0 3 3 #=1
C 103 28 3 0
A 385 595 10 0 3 3 #=2
I 242 ML555_Production_REV01:CAPT_D_7343_6V 1 500 595 0 1 '
|R 16:10_5-26-06
A 525 610 10 0 3 3 VALUE=330UF
A 525 620 10 0 3 3 REFDES=C34
C 108 51 4 0
A 495 620 10 0 3 3 #=1
C 103 26 3 0
A 495 595 10 0 3 3 #=2
I 243 ML555_Production_REV01:CAPT_D_7343_6V 1 610 595 0 1 '
|R 16:10_5-26-06
A 635 610 10 0 3 3 VALUE=330UF
A 635 620 10 0 3 3 REFDES=C35
C 108 49 4 0
A 605 620 10 0 3 3 #=1
C 103 24 3 0
A 605 595 10 0 3 3 #=2
I 247 ML555_Production_REV01:CAPT_D_7343_16V 1 390 1400 0 1 '
|R 16:11_5-26-06
A 415 1415 10 0 3 3 VALUE=220UF
A 415 1425 10 0 3 3 REFDES=C305
C 213 14 4 0
A 385 1425 10 0 3 3 #=1
C 228 28 3 0
A 385 1400 10 0 3 3 #=2
l 2 385 1415 370 1465
T 710 605 20 0 3 6V Kemet T520V337M006ATE025
Q 5 5 0
T 330 685 34 0 3 PCIe/PCI Edge +3.3V
T 140 265 34 0 3 Decoupling CAPS Page 1:
T 140 195 34 0 3 Decoupling CAPS for PCI Edge Conn.:
T 140 125 34 0 3 +12V(PCIe),+5V(PCI),+3.3V(both)
T 330 1535 34 0 3 +12V from PCIe Edge Conn P13
T 330 1165 34 0 3 5V VR1 Output + PCI Edge Conn P1
T 590 1075 20 0 3 6V Kemet T520V337M006ATE025
Q 5 5 0
T 360 1465 20 0 3 16V EPCOS B45197A3227K509
Q 5 5 0
I 165 ML555_Production_REV01:VCC3V3 1 340 655 0 1 '
|R 1:54_12-11-01
C 108 55 2 0
E
