V 51
K 324608823100 ml555_pcie
Y 0
D 0 0 2200 1700
Z 2
i 103
N 99
J 1095 485 3
J 970 485 2
J 1095 555 2
S 2 1
S 1 3
N 97
J 995 530 3
J 970 530 2
J 995 555 2
S 2 1
S 1 3
N 92
J 995 440 3
J 970 440 2
J 995 415 2
S 2 1
S 3 1
I 91 GND 1 985 395 0 1 '
|R 20:19_12-11-03
C 92 3 1 0
N 74
J 300 280 3
J 230 280 2
J 300 230 2
S 2 1
S 3 1
N 72
J 280 300 2
J 280 270 3
J 230 270 2
S 2 1
S 3 2
I 63 VCC2V5 1 590 890 0 1 '
C 34 5 2 0
I 62 VCC2V5 1 1090 890 0 1 '
C 37 4 2 0
I 61 VCC2V5 1 1600 890 0 1 '
C 24 7 2 0
I 60 VCC2V5 1 2090 890 0 1 '
C 28 7 2 0
I 49 TESTPOINT 1 205 520 0 1 '
|R 22:49_6-8-06
A 180 530 10 0 2 3 REFDES=P14
C 48 5 39 0
A 235 530 10 0 3 3 #=1
I 54 FIDUCIAL 1 485 520 0 1 '
|R 13:02_7-18-05
A 475 520 10 0 2 3 REFDES=FID1
I 55 FIDUCIAL 1 485 475 0 1 '
|R 13:02_7-18-05
A 475 475 10 0 2 3 REFDES=FID2
I 56 FIDUCIAL 1 485 430 0 1 '
|R 13:02_7-18-05
A 475 430 10 0 2 3 REFDES=FID3
N 42
J 1040 1110 2
J 1060 1110 3
J 1060 1080 2
S 1 2
S 3 2
N 44
J 540 1120 2
J 560 1120 3
J 560 1090 2
S 1 2
S 3 2
I 43 sk_lvds_lib:GND 1 1050 1060 0 1 '
|R 20:19_12-11-03
C 42 3 1 0
I 45 sk_lvds_lib:GND 1 550 1070 0 1 '
|R 20:19_12-11-03
C 44 3 1 0
N 37
J 1040 830 2
J 1100 830 3
J 1040 850 2
J 1100 890 2
J 1100 850 5
J 1100 840 5
J 1040 840 2
S 1 2
S 2 6
S 3 5
S 5 4
S 6 5
S 7 6
N 34
J 540 830 2
J 600 830 3
J 540 840 2
J 600 840 5
J 600 890 2
J 600 850 5
J 540 850 2
S 1 2
S 2 4
S 3 4
S 4 6
S 6 5
S 7 6
N 26
J 2060 1080 2
J 2060 1110 3
J 2040 1110 2
S 1 2
S 3 2
N 28
J 2040 850 2
J 2040 830 2
J 2100 830 3
J 2040 840 2
J 2100 840 5
J 2100 850 5
J 2100 890 2
S 1 6
S 2 3
S 3 5
S 4 5
S 5 6
S 6 7
I 27 sk_lvds_lib:GND 1 2050 1060 0 1 '
|R 20:19_12-11-03
C 26 1 1 0
N 22
J 1570 1080 2
J 1570 1110 3
J 1550 1110 2
S 1 2
S 3 2
N 24
J 1550 850 2
J 1550 830 2
J 1610 830 3
J 1550 840 2
J 1610 840 5
J 1610 850 5
J 1610 890 2
S 1 6
S 2 3
S 3 5
S 4 5
S 5 6
S 6 7
I 23 sk_lvds_lib:GND 1 1560 1060 0 1 '
|R 20:19_12-11-03
C 22 1 1 0
I 1 CSHEET 1 0 0 0 1 '
|R 15:48_8-9-04
A 1827 128 28 0 6 0 @NAME=ML555_PCIE
A 1332 54 10 0 3 3 AUTHOR=DAVID NAYLOR
A 1652 52 10 0 3 3 @SHEET=28
A 1872 52 15 0 3 3 @DATETIME=7-17-2006_9:18
A 1702 52 10 0 3 3 @SHEETTOTAL=37
I 41 5VLX50TFF1136_5 1 140 1020 0 1 '
|R 18:05_11-24-05
A 140 1010 10 0 3 3 REFDES=U10
X 40 0
A 495 1510 10 0 3 3 #=E24
X 39 0
A 495 1500 10 0 3 3 #=F24
X 38 0
A 495 1490 10 0 3 3 #=F15
X 37 0
A 495 1480 10 0 3 3 #=F14
X 36 0
A 495 1470 10 0 3 3 #=E23
X 35 0
A 495 1460 10 0 3 3 #=D24
X 34 0
A 495 1450 10 0 3 3 #=F16
X 33 0
A 495 1440 10 0 3 3 #=G17
X 32 0
A 495 1430 10 0 3 3 #=F23
X 31 0
A 495 1420 10 0 3 3 #=E22
X 30 0
A 495 1410 10 0 3 3 #=G18
X 29 0
A 495 1400 10 0 3 3 #=F18
X 28 0
A 495 1390 10 0 3 3 #=D22
X 27 0
A 495 1380 10 0 3 3 #=D21
X 26 0
A 495 1370 10 0 3 3 #=D19
X 25 0
A 495 1360 10 0 3 3 #=E18
X 24 0
A 495 1350 10 0 3 3 #=G21
X 23 0
A 495 1340 10 0 3 3 #=F21
X 22 0
A 495 1330 10 0 3 3 #=E16
X 21 0
A 495 1320 10 0 3 3 #=E17
X 20 0
A 495 1310 10 0 3 3 #=E14
X 19 0
A 495 1300 10 0 3 3 #=D14
X 18 0
A 495 1290 10 0 3 3 #=F20
X 17 0
A 495 1280 10 0 3 3 #=G20
X 16 0
A 495 1270 10 0 3 3 #=D15
X 15 0
A 495 1260 10 0 3 3 #=D16
X 14 0
A 495 1250 10 0 3 3 #=D20
X 13 0
A 495 1240 10 0 3 3 #=E21
X 12 0
A 495 1230 10 0 3 3 #=D17
X 11 0
A 495 1220 10 0 3 3 #=C17
X 10 0
A 495 1210 10 0 3 3 #=F19
X 9 0
A 495 1200 10 0 3 3 #=E19
X 8 0
A 495 1190 10 0 3 3 #=C15
X 7 0
A 495 1180 10 0 3 3 #=C14
X 6 0
A 495 1170 10 0 3 3 #=A16
X 5 0
A 495 1160 10 0 3 3 #=B17
X 4 0
A 495 1150 10 0 3 3 #=A14
X 3 0
A 495 1140 10 0 3 3 #=A15
X 2 0
A 495 1130 10 0 3 3 #=B15
C 44 1 1 0
A 495 1120 10 0 3 3 #=B16
I 47 5VLX50TFF1136_6 1 640 1010 0 1 '
|R 18:16_11-24-05
A 640 1000 10 0 3 3 REFDES=U10
X 40 0
A 995 1500 10 0 3 3 #=AN17
X 39 0
A 995 1490 10 0 3 3 #=AM17
X 38 0
A 995 1480 10 0 3 3 #=AP15
X 37 0
A 995 1470 10 0 3 3 #=AN15
X 36 0
A 995 1460 10 0 3 3 #=AP17
X 35 0
A 995 1450 10 0 3 3 #=AP16
X 34 0
A 995 1440 10 0 3 3 #=AM16
X 33 0
A 995 1430 10 0 3 3 #=AM15
X 32 0
A 995 1420 10 0 3 3 #=AK19
X 31 0
A 995 1410 10 0 3 3 #=AJ19
X 30 0
A 995 1400 10 0 3 3 #=AL18
X 29 0
A 995 1390 10 0 3 3 #=AK18
X 28 0
A 995 1380 10 0 3 3 #=AL20
X 27 0
A 995 1370 10 0 3 3 #=AL19
X 26 0
A 995 1360 10 0 3 3 #=AJ17
X 25 0
A 995 1350 10 0 3 3 #=AK17
X 24 0
A 995 1340 10 0 3 3 #=AK21
X 23 0
A 995 1330 10 0 3 3 #=AL21
X 22 0
A 995 1320 10 0 3 3 #=AL16
X 21 0
A 995 1310 10 0 3 3 #=AK16
X 20 0
A 995 1300 10 0 3 3 #=AJ15
X 19 0
A 995 1290 10 0 3 3 #=AJ16
X 18 0
A 995 1280 10 0 3 3 #=AJ20
X 17 0
A 995 1270 10 0 3 3 #=AJ21
X 16 0
A 995 1260 10 0 3 3 #=AL14
X 15 0
A 995 1250 10 0 3 3 #=AL15
X 14 0
A 995 1240 10 0 3 3 #=AK22
X 13 0
A 995 1230 10 0 3 3 #=AK23
X 12 0
A 995 1220 10 0 3 3 #=AK14
X 11 0
A 995 1210 10 0 3 3 #=AJ14
X 10 0
A 995 1200 10 0 3 3 #=AL23
X 9 0
A 995 1190 10 0 3 3 #=AK24
X 8 0
A 995 1180 10 0 3 3 #=AK13
X 7 0
A 995 1170 10 0 3 3 #=AL13
X 6 0
A 995 1160 10 0 3 3 #=AJ22
X 5 0
A 995 1150 10 0 3 3 #=AH23
X 4 0
A 995 1140 10 0 3 3 #=AJ12
X 3 0
A 995 1130 10 0 3 3 #=AK12
X 2 0
A 995 1120 10 0 3 3 #=AJ24
C 42 1 1 0
A 995 1110 10 0 3 3 #=AH24
I 40 5VLX50TFF1136_23 1 1150 1010 0 1 '
|R 18:42_11-23-05
A 1150 1000 10 0 3 3 REFDES=U10
X 19 0
A 1505 1290 10 0 3 3 #=B26
X 20 0
A 1505 1300 10 0 3 3 #=A25
X 17 0
A 1505 1270 10 0 3 3 #=C24
X 18 0
A 1505 1280 10 0 3 3 #=D25
X 15 0
A 1505 1250 10 0 3 3 #=A23
X 16 0
A 1505 1260 10 0 3 3 #=A24
X 13 0
A 1505 1230 10 0 3 3 #=A19
X 14 0
A 1505 1240 10 0 3 3 #=A20
X 11 0
A 1505 1210 10 0 3 3 #=C23
X 12 0
A 1505 1220 10 0 3 3 #=B23
X 9 0
A 1505 1190 10 0 3 3 #=B18
X 10 0
A 1505 1200 10 0 3 3 #=A18
X 7 0
A 1505 1170 10 0 3 3 #=C22
X 8 0
A 1505 1180 10 0 3 3 #=B22
X 5 0
A 1505 1150 10 0 3 3 #=C19
X 6 0
A 1505 1160 10 0 3 3 #=C18
X 3 0
A 1505 1130 10 0 3 3 #=B21
X 4 0
A 1505 1140 10 0 3 3 #=A21
X 39 0
A 1505 1490 10 0 3 3 #=A30
X 40 0
A 1505 1500 10 0 3 3 #=B30
X 37 0
A 1505 1470 10 0 3 3 #=D31
X 38 0
A 1505 1480 10 0 3 3 #=D30
X 35 0
A 1505 1450 10 0 3 3 #=C30
X 36 0
A 1505 1460 10 0 3 3 #=D29
X 33 0
A 1505 1430 10 0 3 3 #=B31
X 34 0
A 1505 1440 10 0 3 3 #=A31
X 31 0
A 1505 1410 10 0 3 3 #=C28
X 32 0
A 1505 1420 10 0 3 3 #=D27
X 29 0
A 1505 1390 10 0 3 3 #=A29
X 30 0
A 1505 1400 10 0 3 3 #=A28
X 27 0
A 1505 1370 10 0 3 3 #=D26
X 28 0
A 1505 1380 10 0 3 3 #=C27
X 25 0
A 1505 1350 10 0 3 3 #=C29
X 26 0
A 1505 1360 10 0 3 3 #=B28
X 23 0
A 1505 1330 10 0 3 3 #=B25
X 24 0
A 1505 1340 10 0 3 3 #=C25
X 21 0
A 1505 1310 10 0 3 3 #=B27
X 22 0
A 1505 1320 10 0 3 3 #=A26
C 22 3 1 0
A 1505 1110 10 0 3 3 #=C20
X 2 0
A 1505 1120 10 0 3 3 #=B20
I 20 5VLX50TFF1136_25 1 1640 1010 0 1 '
A 1640 1000 10 0 3 3 REFDES=U10
X 40 0
A 1995 1500 10 0 3 3 #=AP19
X 39 0
A 1995 1490 10 0 3 3 #=AN19
X 38 0
A 1995 1480 10 0 3 3 #=AP21
X 37 0
A 1995 1470 10 0 3 3 #=AP22
X 36 0
A 1995 1460 10 0 3 3 #=AM18
X 35 0
A 1995 1450 10 0 3 3 #=AN18
X 34 0
A 1995 1440 10 0 3 3 #=AM22
X 33 0
A 1995 1430 10 0 3 3 #=AN22
X 32 0
A 1995 1420 10 0 3 3 #=AP20
X 31 0
A 1995 1410 10 0 3 3 #=AN20
X 30 0
A 1995 1400 10 0 3 3 #=AM23
X 29 0
A 1995 1390 10 0 3 3 #=AN23
X 28 0
A 1995 1380 10 0 3 3 #=AM20
X 27 0
A 1995 1370 10 0 3 3 #=AM21
X 26 0
A 1995 1360 10 0 3 3 #=AP24
X 25 0
A 1995 1350 10 0 3 3 #=AN24
X 24 0
A 1995 1340 10 0 3 3 #=AL24
X 23 0
A 1995 1330 10 0 3 3 #=AL25
X 22 0
A 1995 1320 10 0 3 3 #=AP25
X 21 0
A 1995 1310 10 0 3 3 #=AP26
X 20 0
A 1995 1300 10 0 3 3 #=AL26
X 19 0
A 1995 1290 10 0 3 3 #=AM26
X 18 0
A 1995 1280 10 0 3 3 #=AM25
X 17 0
A 1995 1270 10 0 3 3 #=AN25
X 16 0
A 1995 1260 10 0 3 3 #=AM28
X 15 0
A 1995 1250 10 0 3 3 #=AN28
X 14 0
A 1995 1240 10 0 3 3 #=AN27
X 13 0
A 1995 1230 10 0 3 3 #=AP27
X 12 0
A 1995 1220 10 0 3 3 #=AN29
X 11 0
A 1995 1210 10 0 3 3 #=AP29
X 10 0
A 1995 1200 10 0 3 3 #=AL28
X 9 0
A 1995 1190 10 0 3 3 #=AM27
X 8 0
A 1995 1180 10 0 3 3 #=AP31
X 7 0
A 1995 1170 10 0 3 3 #=AP30
X 6 0
A 1995 1160 10 0 3 3 #=AM30
X 5 0
A 1995 1150 10 0 3 3 #=AN30
X 4 0
A 1995 1140 10 0 3 3 #=AL31
X 3 0
A 1995 1130 10 0 3 3 #=AM31
X 2 0
A 1995 1120 10 0 3 3 #=AL30
C 26 3 1 0
A 1995 1110 10 0 3 3 #=AL29
I 36 5VLX50TFF1136_5_POWER 1 140 720 0 1 '
A 140 710 10 0 3 3 REFDES=U10
C 34 7 3 0
A 495 850 10 0 3 3 #=B19
C 34 3 2 0
A 495 840 10 0 3 3 #=F17
C 34 1 1 0
A 495 830 10 0 3 3 #=C16
I 39 5VLX50TFF1136_6_POWER 1 640 720 0 1 '
A 640 710 10 0 3 3 REFDES=U10
C 37 7 2 0
A 995 840 10 0 3 3 #=AN16
C 37 1 1 0
A 995 830 10 0 3 3 #=AK15
C 37 3 3 0
A 995 850 10 0 3 3 #=AJ18
I 19 5VLX50TFF1136_23_POWER 1 1150 720 0 1 '
A 1150 710 10 0 3 3 REFDES=U10
C 24 1 3 0
A 1505 850 10 0 3 3 #=F27
C 24 4 2 0
A 1505 840 10 0 3 3 #=C26
C 24 2 1 0
A 1505 830 10 0 3 3 #=G24
I 21 5VLX50TFF1136_25_POWER 1 1640 720 0 1 '
A 1640 710 10 0 3 3 REFDES=U10
C 28 1 3 0
A 1995 850 10 0 3 3 #=AN26
C 28 4 2 0
A 1995 840 10 0 3 3 #=AK25
C 28 2 1 0
A 1995 830 10 0 3 3 #=AL22
I 70 VCC5 1 270 300 0 1 '
|R 18:53_8-1-04
C 72 1 2 0
I 50 GND 1 290 430 0 1 '
|R 20:19_12-11-03
C 48 2 1 0
I 79 FIDUCIAL 1 715 520 0 1 '
|R 13:02_7-18-05
A 705 520 10 0 2 3 REFDES=FID4
I 80 FIDUCIAL 1 715 475 0 1 '
|R 13:02_7-18-05
A 705 475 10 0 2 3 REFDES=FID5
I 81 FIDUCIAL 1 715 430 0 1 '
|R 13:02_7-18-05
A 705 430 10 0 2 3 REFDES=FID6
I 51 TESTPOINT 1 205 480 0 1 '
|R 22:49_6-8-06
A 180 490 10 0 2 3 REFDES=P15
C 48 1 39 0
A 235 490 10 0 3 3 #=1
I 86 TESTPOINT 1 930 520 0 1 '
|R 22:49_6-8-06
A 905 530 10 0 2 3 REFDES=TP1
C 97 2 39 0
A 960 530 10 0 3 3 #=1
I 89 TESTPOINT 1 930 475 0 1 '
|R 22:49_6-8-06
A 905 485 10 0 2 3 REFDES=TP2
C 99 2 39 0
A 960 485 10 0 3 3 #=1
I 90 TESTPOINT 1 930 430 0 1 '
|R 22:49_6-8-06
A 905 440 10 0 2 3 REFDES=TP3
C 92 2 39 0
A 960 440 10 0 3 3 #=1
I 71 GND 1 290 210 0 1 '
|R 20:19_12-11-03
C 74 3 1 0
I 96 PCIE_VCC12 1 985 555 0 1 '
|R 16:38_12-13-05
C 97 3 2 0
I 94 VCC3V3 1 1085 555 0 1 '
|R 1:54_12-11-01
C 99 3 2 0
I 101 HDR_FL_1X3 1 190 250 0 1 '
|R 19:49_6-21-06
A 195 300 10 0 2 3 REFDES=P40
X 152 0
A 220 260 10 0 3 3 #=3
C 72 3 151 0
A 220 270 10 0 3 3 #=2
C 74 2 39 0
A 220 280 10 0 3 3 #=1
N 48
J 245 490 2
J 300 450 2
J 300 490 5
J 300 530 3
J 245 530 2
S 1 3
S 2 3
S 3 4
S 5 4
T 110 100 30 0 3 Banks 5,6,23,25 are N/C in 5VLX50T-FF1136
T 730 1060 40 0 3 Bank6
T 230 1070 40 0 3 Bank5
T 1240 1060 40 0 3 Bank23
T 1730 1060 40 0 3 Bank25
T 175 180 16 0 3 Radian INF35001-16
Q 5 3 0
T 175 160 16 0 3 Fan Heat Sink Power
Q 5 3 0
T 430 560 24 0 3 Comp Side
Q 5 5 0
T 555 595 24 0 3 Fiducials
Q 5 5 0
T 225 600 24 0 3 GND TP
Q 5 5 0
T 660 560 24 0 3 Solder Side
Q 5 5 0
T 900 590 24 0 3 Stand-Alone Power Taps
Q 5 5 0
T 895 350 24 0 3 PTH Holes to solder wire into
Q 5 5 0
I 58 MTGHOLE 1 505 200 0 1 '
|R 13:06_7-18-05
A 500 200 10 0 2 3 REFDES=MH2
I 78 MTGHOLE 1 505 240 0 1 '
|R 13:06_7-18-05
A 500 240 10 0 2 3 REFDES=MH1
T 445 305 24 0 3 Mounting Holes
Q 5 5 0
T 420 285 18 0 3 (0.116" 4-40 clearance)
Q 5 5 0
T 450 325 24 0 3 Metal Bracket
Q 5 5 0
T 660 325 24 0 3 EPHY Daughter Card
Q 5 5 0
T 635 305 24 0 3 Standoff Mounting Holes
Q 5 5 0
T 665 285 18 0 3 (0.144" 6-32 clearance)
Q 5 5 0
I 103 MTGHOLE2 1 755 195 0 1 '
|R 15:16_7-17-06
A 750 195 10 0 2 3 REFDES=MH4
I 102 MTGHOLE2 1 755 235 0 1 '
|R 15:16_7-17-06
A 750 235 10 0 2 3 REFDES=MH3
E
