V 51
K 14050350590 ml555_pcie
Y 0
D 0 0 2200 1700
Z 2
i 440
N 429
J 2030 600 2
J 2030 660 2
J 2050 660 3
J 2050 600 5
J 2050 580 2
S 1 4
S 2 3
S 4 3
S 5 4
N 430
J 2050 700 2
J 2030 720 2
J 2050 720 5
J 2050 780 3
J 2030 780 2
S 1 3
S 2 3
S 3 4
S 5 4
I 431 ML555_Production_REV01:GND 1 2040 680 0 1 '
|R 20:19_12-11-03
C 430 1 1 0
I 436 ML555_Production_REV01:GND 1 2040 560 0 1 '
|R 20:19_12-11-03
C 429 5 1 0
N 389
J 1175 230 2
J 1175 220 2
S 2 1
N 390
J 1290 220 2
J 1290 230 2
S 1 2
N 396
J 1060 220 2
J 1060 230 2
S 1 2
N 400
J 750 230 2
J 750 220 2
S 2 1
N 401
J 845 255 2
J 845 220 2
S 2 1
N 408
J 1045 360 2
J 1165 350 2
J 1410 450 2
J 1410 360 5
J 1410 350 5
J 1410 330 3
J 1390 330 2
S 1 4
S 2 5
S 4 3
S 5 4
S 6 5
S 7 6
N 409
J 1250 340 2
J 1260 340 3
J 1260 450 2
S 1 2
S 2 3
N 411
J 830 380 2
J 915 370 2
J 925 370 3
J 925 450 2
J 925 380 5
S 1 5
S 2 3
S 3 5
S 5 4
I 391 sk_lvds_lib:GND 1 1165 200 0 1 '
|R 20:19_12-11-03
C 389 2 1 0
I 392 sk_lvds_lib:GND 1 1280 200 0 1 '
|R 20:19_12-11-03
C 390 1 1 0
I 398 sk_lvds_lib:GND 1 1050 200 0 1 '
|R 20:19_12-11-03
C 396 1 1 0
I 403 sk_lvds_lib:GND 1 740 200 0 1 '
|R 20:19_12-11-03
C 400 2 1 0
I 405 ML555_Production_REV01:AVCC_1V0 1 915 450 0 1 '
|R 23:19_11-10-05
C 411 4 2 0
I 406 ML555_Production_REV01:AVCCPLL_1V2 1 1250 450 0 1 '
|R 23:17_11-10-05
C 409 3 2 0
I 407 ML555_Production_REV01:AVTTX_1V2 1 1400 450 0 1 '
|R 23:12_11-10-05
C 408 3 2 0
N 297
J 500 820 2
J 500 830 5
J 470 840 2
J 470 830 5
J 270 830 1
J 760 830 3
J 760 990 3
J 740 990 2
S 1 2
S 4 2
S 4 3
S 5 4
L 290 830 10 0 3 0 1 0 SATA_MGT_CLKSEL
S 6 7
S 8 7
S 2 6
N 379
J 500 750 2
J 500 740 2
S 2 1
I 380 ML555_Production_REV01:GND 1 490 720 0 1 '
|R 20:19_12-11-03
C 379 2 1 0
I 377 ML555_Production_REV01:5VLX50TFF1136_120_POWER 1 170 200 0 1 '
|R 21:34_11-16-05
A 170 190 10 0 3 3 REFDES=U10
C 393 3 5 0
A 525 350 10 0 3 3 #=C3
C 388 3 4 0
A 525 340 10 0 3 3 #=D3
C 399 3 8 0
A 525 380 10 0 3 3 #=F4
C 402 4 7 0
A 525 370 10 0 3 3 #=D5
C 394 3 6 0
A 525 360 10 0 3 3 #=E3
C 387 6 1 0
A 525 310 10 0 3 3 #=C4
N 318
J 1090 720 3
J 1090 1300 2
J 860 720 5
J 620 720 3
J 620 890 2
J 860 730 2
S 1 2
S 3 1
S 4 3
S 3 6
S 4 5
N 320
J 1040 810 3
J 1040 1300 2
J 860 810 5
J 610 810 3
J 610 890 2
J 860 800 2
S 1 2
S 3 1
S 4 3
S 6 3
S 4 5
N 177
J 870 1390 2
J 1230 1390 1
S 1 2
L 1130 1390 10 0 3 0 1 0 SATA_TXP
N 178
J 1230 1400 1
J 870 1400 2
S 2 1
L 1130 1400 10 0 3 0 1 0 SATA_TXN
N 180
J 1230 1410 1
J 870 1410 2
S 2 1
L 1130 1410 10 0 3 0 1 0 SATA_RXP
N 179
J 1230 1420 1
J 870 1420 2
S 2 1
L 1130 1420 10 0 3 0 1 0 SATA_RXN
N 245
J 1230 1480 1
J 870 1480 2
S 2 1
L 1130 1480 10 0 3 0 1 0 SMA_TXP
N 243
J 870 1430 2
J 1230 1430 1
S 1 2
L 1130 1430 10 0 3 0 1 0 SMA_RXN
N 246
J 870 1450 2
J 1230 1450 1
S 1 2
L 1130 1450 10 0 3 0 1 0 SMA_RXP
N 244
J 870 1470 2
J 1230 1470 1
S 1 2
L 1130 1470 10 0 3 0 1 0 SMA_TXN
N 329
J 930 950 2
J 820 1060 2
J 740 1010 2
J 820 1010 5
J 820 1020 5
J 740 1020 2
J 740 980 2
J 820 980 5
J 930 980 5
J 930 1060 2
S 1 9
S 8 9
S 8 4
S 5 2
S 3 4
S 4 5
S 6 5
S 7 8
S 9 10
N 262
J 1780 1270 2
J 1990 1270 1
S 1 2
L 1890 1270 10 0 3 0 1 0 SATA_RXP
N 264
J 1870 1370 2
J 1990 1370 1
S 1 2
L 1890 1370 10 0 3 0 1 0 SATA_RXN
N 142
J 1530 1370 2
J 1715 1370 3
J 1750 1270 2
J 1715 1270 3
S 1 2
L 1600 1370 10 0 3 0 1 0 SATA_HRX+
S 4 2
S 4 3
N 210
J 1770 1370 3
J 1840 1370 2
J 1770 1390 3
J 1530 1390 2
S 4 3
L 1600 1390 10 0 3 0 1 0 SATA_HRX-
S 1 3
S 1 2
N 209
J 1770 1450 3
J 1840 1450 2
J 1770 1430 3
J 1530 1430 2
S 4 3
L 1600 1430 10 0 3 0 1 0 SATA_HTX-
S 3 1
S 1 2
N 143
J 1530 1450 2
J 1720 1450 3
J 1750 1550 2
J 1720 1550 3
S 1 2
L 1600 1450 10 0 3 0 1 0 SATA_HTX+
S 2 4
S 4 3
N 212
J 1530 1350 2
J 1570 1350 5
J 1530 1410 2
J 1570 1410 5
J 1570 1470 3
J 1570 1300 2
J 1530 1470 2
S 7 5
S 4 5
S 2 4
S 3 4
S 6 2
S 1 2
N 263
J 1990 1550 1
J 1780 1550 2
S 2 1
L 1890 1550 10 0 3 0 1 0 SATA_TXP
N 265
J 1870 1450 2
J 1990 1450 1
S 1 2
L 1890 1450 10 0 3 0 1 0 SATA_TXN
I 211 ML555_Production_REV01:GND 1 1560 1280 0 1 '
|R 20:19_12-11-03
C 212 6 1 0
N 190
J 2040 940 2
J 2020 960 2
J 2040 960 5
J 2040 1020 3
J 2020 1020 2
S 1 3
S 2 3
S 3 4
S 5 4
N 197
J 2020 1140 2
J 2040 1140 3
J 2040 1060 2
J 2040 1080 5
J 2020 1080 2
S 1 2
S 4 2
S 3 4
S 5 4
I 196 ML555_Production_REV01:GND 1 2030 1040 0 1 '
|R 20:19_12-11-03
C 197 3 1 0
N 189
J 1670 1020 2
J 1690 1020 3
J 1690 940 2
J 1690 960 5
J 1670 960 2
S 1 2
S 4 2
S 3 4
S 5 4
I 188 ML555_Production_REV01:GND 1 1680 920 0 1 '
|R 20:19_12-11-03
C 189 3 1 0
I 129 ML555_Production_REV01:CSHEET 1 0 0 0 1 '
|R 15:48_8-9-04
A 1827 128 28 0 6 0 @NAME=ML555_PCIE
A 1332 54 10 0 3 3 AUTHOR=DAVID NAYLOR
A 1652 52 10 0 3 3 @SHEET=10
A 1872 52 15 0 3 3 @DATETIME=9-6-2006_15:09
A 1702 52 10 0 3 3 @SHEETTOTAL=37
I 184 ML555_Production_REV01:GND 1 1680 1040 0 1 '
|R 20:19_12-11-03
C 185 5 1 0
N 185
J 1670 1080 2
J 1690 1080 5
J 1690 1140 3
J 1670 1140 2
J 1690 1060 2
S 4 3
S 2 3
S 1 2
S 5 2
N 182
J 1410 1110 1
J 1530 1110 2
S 1 2
L 1420 1110 10 0 3 0 1 0 SMA_TXP
N 183
J 1530 990 2
J 1410 990 1
S 2 1
L 1420 990 10 0 3 0 1 0 SMA_TXN
N 195
J 1880 1110 2
J 1760 1110 1
S 2 1
L 1770 1110 10 0 3 0 1 0 SMA_RXP
N 192
J 1760 990 1
J 1880 990 2
S 1 2
L 1770 990 10 0 3 0 1 0 SMA_RXN
I 154 ML555_Production_REV01:CAP_0402 1 1780 1530 1 1 '
|R 21:36_5-24-04
A 1770 1580 10 1 3 3 VALUE=0.01UF
A 1760 1580 10 1 3 3 REFDES=C379
C 263 2 6 0
A 1770 1550 10 6 1 3 #=2
C 143 3 5 0
A 1760 1550 10 2 1 3 #=1
I 153 ML555_Production_REV01:CAP_0402 1 1870 1430 1 1 '
|R 21:36_5-24-04
A 1860 1480 10 1 3 3 VALUE=0.01UF
A 1850 1480 10 1 3 3 REFDES=C380
C 265 1 6 0
A 1860 1450 10 6 1 3 #=2
C 209 2 5 0
A 1850 1450 10 2 1 3 #=1
I 181 ML555_Production_REV01:SMA_SMT_CONNECTOR 1 1670 930 4 1 '
|R 22:51_12-5-03
A 1605 1020 10 4 3 3 REFDES=J7
C 189 5 11 0
A 1665 960 10 4 3 3 #=3
C 183 1 12 0
A 1535 990 10 4 9 3 #=1
C 189 1 10 0
A 1665 1020 10 4 3 3 #=2
I 194 ML555_Production_REV01:SMA_SMT_CONNECTOR 1 2020 1050 4 1 '
|R 22:51_12-5-03
A 1955 1140 10 4 3 3 REFDES=J8
C 197 5 11 0
A 2015 1080 10 4 3 3 #=3
C 195 1 12 0
A 1885 1110 10 4 9 3 #=1
C 197 1 10 0
A 2015 1140 10 4 3 3 #=2
I 193 ML555_Production_REV01:SMA_SMT_CONNECTOR 1 2020 930 4 1 '
|R 22:51_12-5-03
A 1955 1020 10 4 3 3 REFDES=J9
C 190 2 11 0
A 2015 960 10 4 3 3 #=3
C 192 2 12 0
A 1885 990 10 4 9 3 #=1
C 190 5 10 0
A 2015 1020 10 4 3 3 #=2
I 202 ML555_Production_REV01:CONNSATA 1 1460 1320 0 1 '
|R 16:31_11-3-05
A 1472 1508 16 0 3 3 REFDES=J5
C 212 1 195 0
A 1515 1350 10 0 3 3 #=7
C 210 4 197 0
A 1515 1390 10 0 3 3 #=5
C 209 4 151 0
A 1515 1430 10 0 3 3 #=3
C 142 1 196 0
A 1515 1370 10 0 3 3 #=6
C 143 1 150 0
A 1515 1450 10 0 3 3 #=2
C 212 3 198 0
A 1515 1410 10 0 3 3 #=4
C 212 7 192 0
A 1515 1470 10 0 3 3 #=1
X 193 0
A 1520 1500 10 0 6 3 #=8
X 194 0
A 1520 1330 10 0 6 3 #=9
I 155 ML555_Production_REV01:CAP_0402 1 1870 1390 5 1 '
|R 21:36_5-24-04
A 1860 1340 10 5 3 3 VALUE=0.01UF
A 1850 1340 10 5 3 3 REFDES=C381
C 264 1 6 0
A 1860 1370 10 0 1 3 #=2
C 210 2 5 0
A 1850 1370 10 4 1 3 #=1
I 312 ML555_Production_REV01:CAP_0402 1 1780 1290 5 1 '
|R 21:36_5-24-04
A 1770 1240 10 5 3 3 VALUE=0.01UF
A 1760 1240 10 5 3 3 REFDES=C382
C 262 1 6 0
A 1770 1270 10 0 1 3 #=2
C 142 3 5 0
A 1760 1270 10 4 1 3 #=1
I 191 ML555_Production_REV01:GND 1 2030 920 0 1 '
|R 20:19_12-11-03
C 190 1 1 0
I 313 ML555_Production_REV01:SY89474U 1 530 890 0 1 '
|R 20:12_12-2-05
A 690 1090 16 0 3 3 REFDES=U3
X 22 0
A 630 1090 10 1 1 3 #=21
X 23 0
A 620 1090 10 1 1 3 #=22
C 287 2 24 0
A 610 1090 10 1 1 3 #=23
C 288 2 21 0
A 640 1090 10 1 1 3 #=20
X 3 0
A 720 1000 10 0 3 3 #=16
C 297 8 4 0
A 720 990 10 0 3 3 #=15
C 356 1 16 0
A 660 910 10 1 9 3 #=12
C 358 1 5 0
A 650 910 10 1 9 3 #=11
C 318 5 17 0
A 620 910 10 1 9 3 #=8
C 320 5 18 0
A 610 910 10 1 9 3 #=7
C 289 2 25 0
A 550 980 10 0 9 3 #=5
X 15 0
A 550 990 10 0 9 3 #=4
X 14 0
A 550 1000 10 0 9 3 #=3
C 290 1 2 0
A 550 1010 10 0 9 3 #=2
C 329 6 30 0
A 720 1020 10 0 3 3 #=18
C 329 7 19 0
A 720 980 10 0 3 3 #=14
C 352 4 32 0
A 570 1090 10 1 1 3 #=25
C 324 21 31 0
A 600 1090 10 1 1 3 #=24
C 324 23 20 0
A 650 1090 10 1 1 3 #=19
C 324 9 13 0
A 720 970 10 0 3 3 #=13
C 324 11 28 0
A 640 910 10 1 9 3 #=10
C 324 13 27 0
A 630 910 10 1 9 3 #=9
C 324 16 26 0
A 550 970 10 0 9 3 #=6
C 324 18 1 0
A 550 1020 10 0 9 3 #=1
C 329 3 29 0
A 720 1010 10 0 3 3 #=17
I 335 ML555_Production_REV01:VCC2V5 1 920 1170 0 1 '
C 324 4 2 0
I 334 ML555_Production_REV01:GND 1 920 930 0 1 '
|R 20:19_12-11-03
C 329 1 1 0
I 351 ML555_Production_REV01:GND 1 450 1080 0 1 '
|R 20:19_12-11-03
C 352 1 1 0
N 352
J 460 1100 2
J 460 1130 3
J 580 1130 3
J 580 1110 2
S 1 2
S 4 3
S 2 3
N 226
J 1040 1330 2
J 1040 1460 3
J 870 1460 2
S 1 2
S 3 2
L 870 1460 10 0 3 0 1 0 SATA_MGT_REFCLKP
N 225
J 1090 1330 2
J 1090 1440 3
J 870 1440 2
S 1 2
S 3 2
L 870 1440 10 0 3 0 1 0 SATA_MGT_REFCLKN
I 366 ML555_Production_REV01:CAP_0402 1 1060 1300 4 1 '
|R 21:36_5-24-04
A 1010 1310 10 4 3 3 VALUE=0.1UF
A 1010 1320 10 4 3 3 REFDES=C441
C 320 2 6 0
A 1040 1310 10 3 1 3 #=2
C 226 1 5 0
A 1040 1320 10 7 1 3 #=1
I 365 ML555_Production_REV01:CAP_0402 1 1070 1300 0 1 '
|R 21:36_5-24-04
A 1120 1310 10 0 3 3 VALUE=0.1UF
A 1120 1320 10 0 3 3 REFDES=C442
C 318 2 6 0
A 1090 1310 10 5 1 3 #=2
C 225 1 5 0
A 1090 1320 10 1 1 3 #=1
I 337 ML555_Production_REV01:CAP_0402 1 800 1060 0 1 '
|R 21:36_5-24-04
A 850 1070 10 0 3 3 VALUE=0.1UF
A 850 1080 10 0 3 3 REFDES=C443
C 329 2 6 0
A 820 1070 10 5 1 3 #=2
C 324 7 5 0
A 820 1080 10 1 1 3 #=1
I 159 ML555_Production_REV01:5VLX50TFF1136_120 1 470 1290 0 1 '
A 470 1280 10 0 3 3 REFDES=U10
C 226 3 8 0
A 825 1460 10 0 3 3 #=E4
C 244 1 9 0
A 825 1470 10 0 3 3 #=D2
C 246 1 7 0
A 825 1450 10 0 3 3 #=D1
C 243 1 5 0
A 825 1430 10 0 3 3 #=C1
C 245 2 10 0
A 825 1480 10 0 3 3 #=E2
C 225 3 6 0
A 825 1440 10 0 3 3 #=D4
C 179 2 4 0
A 825 1420 10 0 3 3 #=A2
C 180 2 3 0
A 825 1410 10 0 3 3 #=A3
C 178 2 2 0
A 825 1400 10 0 3 3 #=B3
C 177 1 1 0
A 825 1390 10 0 3 3 #=B4
N 324
J 470 910 2
J 470 920 3
J 500 920 5
J 930 1170 2
J 930 1090 2
J 930 1140 5
J 820 1090 2
J 820 1140 5
J 740 970 2
J 770 970 3
J 640 890 2
J 640 860 3
J 630 890 2
J 630 860 5
J 500 860 3
J 530 970 2
J 500 970 5
J 530 1020 2
J 500 1020 5
J 500 1140 3
J 610 1110 2
J 610 1140 5
J 660 1110 2
J 660 1140 5
J 770 1140 5
S 1 2
S 2 3
S 15 3
S 6 4
S 5 6
S 8 6
S 7 8
S 25 8
S 9 10
S 10 25
S 12 11
S 14 12
S 14 13
S 15 14
S 3 17
S 17 16
S 17 19
S 19 18
S 19 20
S 20 22
S 21 22
S 22 24
S 23 24
S 24 25
I 382 ML555_Production_REV01:R0402 1 490 840 1 1 '
|R 17:16_9-9-04
A 480 850 10 1 2 3 VALUE=4.7K
A 460 870 10 1 5 3 REFDES=R459
C 324 1 2 0
A 469 900 10 1 3 3 #=2
C 297 3 1 0
A 469 854 10 1 9 3 #=1
I 381 ML555_Production_REV01:R0402 1 520 750 1 1 '
|R 17:16_9-9-04
A 510 760 10 1 2 3 VALUE=DNA
A 490 780 10 1 5 3 REFDES=R458
C 297 1 2 0
A 499 810 10 1 3 3 #=2
C 379 1 1 0
A 499 764 10 1 9 3 #=1
I 416 ML555_Production_REV01:MGT_FERRITE 1 1330 320 0 1 '
|R 21:47_12-5-05
A 1340 345 10 0 2 3 REFDES=FIL42
C 408 7 39 0
A 1380 330 10 0 9 3 #=1
C 387 3 151 0
A 1350 340 10 2 3 3 #=2
N 356
J 660 890 2
J 660 870 3
J 1350 870 1
S 2 1
S 2 3
L 1140 870 10 0 3 0 1 0 SATA_MGT_GCLKN
N 358
J 650 890 2
J 650 850 3
J 1350 850 1
S 2 1
S 2 3
L 1140 850 10 0 3 0 1 0 SATA_MGT_GCLKP
N 290
J 530 1010 2
J 270 1010 1
S 2 1
L 280 1010 10 0 3 0 1 0 LVDS_125M_BUF1_N
N 289
J 270 980 1
J 530 980 2
S 1 2
L 280 980 10 0 3 0 1 0 LVDS_125M_BUF1_P
I 417 ML555_Production_REV01:CAP_0402 1 730 230 0 1 '
|R 21:36_5-24-04
A 780 240 10 0 3 3 VALUE=0.22UF
A 780 250 10 0 3 3 REFDES=C337
C 400 1 6 0
A 750 240 10 5 1 3 #=2
C 399 4 5 0
A 750 250 10 1 1 3 #=1
I 420 ML555_Production_REV01:CAP_0402 1 1040 230 0 1 '
|R 21:36_5-24-04
A 1090 240 10 0 3 3 VALUE=0.22UF
A 1090 250 10 0 3 3 REFDES=C340
C 396 2 6 0
A 1060 240 10 5 1 3 #=2
C 393 4 5 0
A 1060 250 10 1 1 3 #=1
I 421 ML555_Production_REV01:CAP_0402 1 1155 230 0 1 '
|R 21:36_5-24-04
A 1205 240 10 0 3 3 VALUE=0.22UF
A 1205 250 10 0 3 3 REFDES=C341
C 389 1 6 0
A 1175 240 10 5 1 3 #=2
C 388 4 5 0
A 1175 250 10 1 1 3 #=1
I 422 ML555_Production_REV01:CAP_0402 1 1270 230 0 1 '
|R 21:36_5-24-04
A 1320 240 10 0 3 3 VALUE=0.22UF
A 1320 250 10 0 3 3 REFDES=C342
C 390 2 6 0
A 1290 240 10 5 1 3 #=2
C 387 5 5 0
A 1290 250 10 1 1 3 #=1
I 338 ML555_Production_REV01:CAP_0402 1 910 1060 0 1 '
|R 21:36_5-24-04
A 960 1070 10 0 3 3 VALUE=0.01UF
A 960 1080 10 0 3 3 REFDES=C421
C 329 10 6 0
A 930 1070 10 5 1 3 #=2
C 324 5 5 0
A 930 1080 10 1 1 3 #=1
N 287
J 620 1190 3
J 620 1110 2
J 440 1190 1
S 2 1
S 3 1
L 450 1190 10 0 3 0 1 0 LVDSCLKMOD2_P
N 288
J 650 1210 3
J 650 1110 2
J 440 1210 1
S 2 1
S 3 1
L 450 1210 10 0 3 0 1 0 LVDSCLKMOD2_N
I 339 ML555_Production_REV01:R0402 1 880 730 1 1 '
|R 17:16_9-9-04
A 870 760 10 1 2 3 VALUE=100R
A 850 760 10 1 5 3 REFDES=R6
C 320 6 2 0
A 859 790 10 1 3 3 #=2
C 318 6 1 0
A 859 744 10 1 9 3 #=1
I 434 ML555_Production_REV01:SMA_SMT_CONNECTOR 1 2030 690 4 1 '
|R 22:51_12-5-03
A 1965 780 10 4 3 3 REFDES=J12
C 430 2 11 0
A 2025 720 10 4 3 3 #=3
C 439 2 12 0
A 1895 750 10 4 9 3 #=1
C 430 5 10 0
A 2025 780 10 4 3 3 #=2
I 435 ML555_Production_REV01:SMA_SMT_CONNECTOR 1 2030 570 4 1 '
|R 22:51_12-5-03
A 1965 660 10 4 3 3 REFDES=J13
C 429 1 11 0
A 2025 600 10 4 3 3 #=3
C 440 2 12 0
A 1895 630 10 4 9 3 #=1
C 429 2 10 0
A 2025 660 10 4 3 3 #=2
I 157 ML555_Production_REV01:SMA_SMT_CONNECTOR 1 1670 1050 4 1 '
|R 22:51_12-5-03
A 1605 1140 10 4 3 3 REFDES=J6
C 185 1 11 0
A 1665 1080 10 4 3 3 #=3
C 182 2 12 0
A 1535 1110 10 4 9 3 #=1
C 185 4 10 0
A 1665 1140 10 4 3 3 #=2
I 412 ML555_Production_REV01:MGT_FERRITE 1 855 360 0 1 '
|R 21:47_12-5-05
A 865 385 10 0 2 3 REFDES=FIL38
C 411 2 39 0
A 905 370 10 0 9 3 #=1
C 402 2 151 0
A 875 380 10 2 3 3 #=2
I 404 sk_lvds_lib:GND 1 835 200 0 1 '
|R 20:19_12-11-03
C 401 2 1 0
N 399
J 770 380 2
J 750 380 5
J 570 380 2
J 750 260 2
S 2 1
S 4 2
S 3 2
L 575 380 10 0 3 0 1 0 FIL37_AVCC_1V0
N 402
J 845 285 2
J 855 370 2
J 845 370 5
J 570 370 2
S 1 3
S 3 2
S 4 3
L 575 370 10 0 3 0 1 0 FIL38_AVCC_1V0
N 393
J 1105 350 2
J 1060 350 5
J 570 350 2
J 1060 260 2
S 2 1
S 4 2
S 3 2
L 575 350 10 0 3 0 1 0 FIL40_AVTTX_1V2
N 388
J 1190 340 2
J 1175 340 5
J 570 340 2
J 1175 260 2
S 2 1
S 4 2
S 3 2
L 575 340 10 0 3 0 1 0 FIL41_AVCCPLL_1V2
N 387
J 575 310 3
J 575 330 3
J 1330 330 2
J 1290 330 5
J 1290 260 2
J 570 310 2
S 6 1
S 4 3
S 5 4
S 1 2
S 2 4
L 575 330 10 0 3 0 1 0 FIL42_AVTTX_1V2
I 415 ML555_Production_REV01:MGT_FERRITE 1 1190 330 0 1 '
|R 21:47_12-5-05
A 1200 355 10 0 2 3 REFDES=FIL41
C 409 1 39 0
A 1240 340 10 0 9 3 #=1
C 388 1 151 0
A 1210 350 10 2 3 3 #=2
I 414 ML555_Production_REV01:MGT_FERRITE 1 1105 340 0 1 '
|R 21:47_12-5-05
A 1115 365 10 0 2 3 REFDES=FIL40
C 408 2 39 0
A 1155 350 10 0 9 3 #=1
C 393 1 151 0
A 1125 360 10 2 3 3 #=2
I 413 ML555_Production_REV01:MGT_FERRITE 1 985 350 0 1 '
|R 21:47_12-5-05
A 995 375 10 0 2 3 REFDES=FIL39
C 408 1 39 0
A 1035 360 10 0 9 3 #=1
C 394 1 151 0
A 1005 370 10 2 3 3 #=2
N 394
J 985 360 2
J 945 360 5
J 570 360 2
J 945 260 2
S 2 1
S 3 2
L 575 360 10 0 3 0 1 0 FIL39_AVTTX_1V2
S 4 2
I 419 ML555_Production_REV01:CAP_0402 1 925 230 0 1 '
|R 21:36_5-24-04
A 975 240 10 0 3 3 VALUE=0.22UF
A 975 250 10 0 3 3 REFDES=C339
C 395 1 6 0
A 945 240 10 5 1 3 #=2
C 394 4 5 0
A 945 250 10 1 1 3 #=1
N 395
J 945 230 2
J 945 220 2
S 2 1
I 397 sk_lvds_lib:GND 1 935 200 0 1 '
|R 20:19_12-11-03
C 395 2 1 0
I 418 ML555_Production_REV01:CAP_0402 1 825 255 0 1 '
|R 21:36_5-24-04
A 875 265 10 0 3 3 VALUE=0.22UF
A 875 275 10 0 3 3 REFDES=C338
C 401 1 6 0
A 845 265 10 5 1 3 #=2
C 402 1 5 0
A 845 275 10 1 1 3 #=1
I 410 ML555_Production_REV01:MGT_FERRITE 1 770 370 0 1 '
|R 21:47_12-5-05
A 780 395 10 0 2 3 REFDES=FIL37
C 411 1 39 0
A 820 380 10 0 9 3 #=1
C 399 1 151 0
A 790 390 10 2 3 3 #=2
N 439
J 1670 750 1
J 1890 750 2
S 1 2
L 1690 750 10 0 3 0 1 0 SMA_GTPCLK_P4_P
N 440
J 1670 630 1
J 1890 630 2
S 1 2
L 1690 630 10 0 3 0 1 0 SMA_GTPCLK_P3_N
T 630 1310 24 0 3 X0Y5
T 550 630 30 0 3 Sel:
Q 5 3 0
l 2 1560 1490 1550 1490
l 2 1550 1500 1550 1490
l 2 1550 1490 1650 1560
T 1450 1300 10 1 3 back edge of connector
T 110 90 36 0 3 SATA Conn,4xSMA,MGT X0Y5 & Power Block
T 1460 1580 16 0 3 open end of conn
T 1350 1560 16 0 3 which receives SATA plug
T 320 220 24 0 3 X0Y5
T 600 670 30 0 3 Clock Mux:
Q 5 3 0
T 140 1180 30 0 3 From Sheet25 U7
Q 5 3 0
T 130 940 30 0 3 From Sheet11 U11
Q 5 3 0
T 700 630 30 0 3 Q0 Out:
Q 5 3 0
T 550 600 30 0 3 0         LVDS_125M
Q 5 3 0
T 550 570 30 0 3 1         LVDSCLKMOD2 (default)
Q 5 3 0
T 1610 1150 30 0 3 SMA TX and RX
Q 5 3 0
T 1115 805 30 0 3 To Bank3 GCLK Sheet16
Q 5 3 0
T 90 845 20 0 3 SATA_MGT_CLKSEL wired to FPGA
Q 5 3 0
T 120 800 20 0 3 Bank1 pin K14 Sheet 16
Q 5 3 0
T 1465 680 30 0 3 SMA_GTPCLK X0Y3 Sheet6
Q 5 3 0
E
