V 51
K 324608823100 ml555_pcie
Y 0
D 0 0 2200 1700
Z 2
i 244
I 239 sk_lvds_lib:VCC_MGT_TIE_1V0 1 1390 740 0 1 '
|R 16:30_12-6-05
C 233 4 2 0
N 232
J 1260 630 2
J 1260 640 2
S 1 2
N 233
J 1260 710 2
J 1260 730 2
J 1260 720 5
J 1400 740 2
J 1400 720 3
S 1 3
S 3 2
S 3 5
S 5 4
N 234
J 1260 800 2
J 1260 810 2
S 1 2
I 236 sk_lvds_lib:GND 1 1250 610 0 1 '
|R 20:19_12-11-03
C 232 1 1 0
I 237 sk_lvds_lib:VCC25 1 1250 810 0 1 '
C 234 2 2 0
I 230 sk_lvds_lib:VCC_MGT_TIE_1V2 1 1110 740 0 1 '
|R 16:31_12-6-05
C 226 2 2 0
N 228
J 980 640 2
J 980 630 2
S 2 1
N 226
J 1120 720 3
J 1120 740 2
J 980 720 5
J 980 730 2
J 980 710 2
S 3 1
S 1 2
S 5 3
S 3 4
N 224
J 980 810 2
J 980 800 2
S 2 1
I 221 sk_lvds_lib:GND 1 970 610 0 1 '
|R 20:19_12-11-03
C 228 2 1 0
I 220 sk_lvds_lib:VCC25 1 970 810 0 1 '
C 224 1 2 0
N 184
J 960 1010 2
J 950 1110 2
J 960 1110 3
S 1 3
S 2 3
N 186
J 950 1080 2
J 970 1080 3
J 950 1130 2
J 950 1140 2
J 970 1210 2
J 950 1150 2
J 970 1150 5
J 970 1140 5
J 970 1130 5
J 970 1120 5
J 950 1120 2
S 1 2
S 2 10
S 3 9
S 4 8
S 7 5
S 6 7
S 8 7
S 9 8
S 10 9
S 11 10
N 188
J 990 1520 2
J 950 1410 2
J 990 1410 3
S 3 1
S 2 3
N 189
J 970 1330 2
J 950 1430 2
J 970 1430 3
S 1 3
S 2 3
I 187 sk_lvds_lib:VCC_MGT_TIE_1V2 1 980 1520 0 1 '
|R 16:31_12-6-05
C 188 1 2 0
I 190 sk_lvds_lib:GND 1 960 1310 0 1 '
|R 20:19_12-11-03
C 189 1 1 0
I 191 sk_lvds_lib:VCC_MGT_TIE_1V0 1 950 1010 6 1 '
|R 16:30_12-6-05
C 184 1 2 0
N 176
J 1600 1010 2
J 1590 1110 2
J 1600 1110 3
S 1 3
S 2 3
N 178
J 1590 1080 2
J 1610 1080 3
J 1590 1130 2
J 1590 1140 2
J 1610 1210 2
J 1590 1150 2
J 1610 1150 5
J 1610 1140 5
J 1610 1130 5
J 1610 1120 5
J 1590 1120 2
S 1 2
S 2 10
S 3 9
S 4 8
S 7 5
S 6 7
S 8 7
S 9 8
S 10 9
S 11 10
N 180
J 1630 1520 2
J 1590 1410 2
J 1630 1410 3
S 3 1
S 2 3
N 181
J 1610 1330 2
J 1590 1430 2
J 1610 1430 3
S 1 3
S 2 3
I 177 sk_lvds_lib:VCC_MGT_TIE_1V2 1 1600 1210 0 1 '
|R 16:31_12-6-05
C 178 5 2 0
I 179 sk_lvds_lib:VCC_MGT_TIE_1V2 1 1620 1520 0 1 '
|R 16:31_12-6-05
C 180 1 2 0
I 182 sk_lvds_lib:GND 1 1600 1310 0 1 '
|R 20:19_12-11-03
C 181 1 1 0
I 183 sk_lvds_lib:VCC_MGT_TIE_1V0 1 1590 1010 6 1 '
|R 16:30_12-6-05
C 176 1 2 0
I 1 CSHEET 1 0 0 0 1 '
|R 15:48_8-9-04
A 1827 128 28 0 6 0 @NAME=ML555_PCIE
A 1332 54 10 0 3 3 AUTHOR=DAVID NAYLOR
A 1652 52 10 0 3 3 @SHEET=27
A 1872 52 15 0 3 3 @DATETIME=6-5-2006_9:28
A 1702 52 10 0 3 3 @SHEETTOTAL=37
I 185 sk_lvds_lib:VCC_MGT_TIE_1V2 1 960 1210 0 1 '
|R 16:31_12-6-05
C 186 5 2 0
I 92 5VLX50TFF1136_124 1 550 1260 0 1 '
A 550 1250 10 0 3 3 REFDES=U10
X 10 0
A 905 1450 10 0 3 3 #=B5
X 9 0
A 905 1440 10 0 3 3 #=B6
C 189 2 8 0
A 905 1430 10 0 3 3 #=D8
X 7 0
A 905 1420 10 0 3 3 #=A6
C 188 2 6 0
A 905 1410 10 0 3 3 #=C8
X 5 0
A 905 1400 10 0 3 3 #=A7
X 4 0
A 905 1390 10 0 3 3 #=A8
X 3 0
A 905 1380 10 0 3 3 #=A9
X 2 0
A 905 1370 10 0 3 3 #=B9
X 1 0
A 905 1360 10 0 3 3 #=B10
I 91 5VLX50TFF1136_124_POWER 1 550 970 0 1 '
|R 21:35_11-16-05
A 550 960 10 0 3 3 REFDES=U10
C 186 6 8 0
A 905 1150 10 0 3 3 #=D7
C 186 4 7 0
A 905 1140 10 0 3 3 #=C7
C 186 3 6 0
A 905 1130 10 0 3 3 #=C5
C 186 11 5 0
A 905 1120 10 0 3 3 #=C9
C 184 2 4 0
A 905 1110 10 0 3 3 #=C6
C 186 1 1 0
A 905 1080 10 0 3 3 #=C10
I 90 5VLX50TFF1136_126 1 1190 1260 0 1 '
A 1190 1250 10 0 3 3 REFDES=U10
X 10 0
A 1545 1450 10 0 3 3 #=AN10
X 9 0
A 1545 1440 10 0 3 3 #=AN9
C 181 2 8 0
A 1545 1430 10 0 3 3 #=AL7
X 7 0
A 1545 1420 10 0 3 3 #=AP9
C 180 2 6 0
A 1545 1410 10 0 3 3 #=AM7
X 5 0
A 1545 1400 10 0 3 3 #=AP8
X 4 0
A 1545 1390 10 0 3 3 #=AP7
X 3 0
A 1545 1380 10 0 3 3 #=AP6
X 2 0
A 1545 1370 10 0 3 3 #=AN6
X 1 0
A 1545 1360 10 0 3 3 #=AN5
I 89 5VLX50TFF1136_126_POWER 1 1190 970 0 1 '
|R 21:35_11-16-05
A 1190 960 10 0 3 3 REFDES=U10
C 178 6 8 0
A 1545 1150 10 0 3 3 #=AM8
C 178 4 7 0
A 1545 1140 10 0 3 3 #=AL8
C 178 3 6 0
A 1545 1130 10 0 3 3 #=AM5
C 178 11 5 0
A 1545 1120 10 0 3 3 #=AM6
C 176 2 4 0
A 1545 1110 10 0 3 3 #=AM9
C 178 1 1 0
A 1545 1080 10 0 3 3 #=AM10
I 240 R0805 1 1000 730 1 1 '
|R 23:52_11-18-03
A 990 760 10 1 2 3 VALUE=1.24K
A 970 760 10 1 2 3 REFDES=R369
C 224 2 2 0
A 979 790 10 1 3 3 #=2
C 226 4 1 0
A 979 744 10 1 9 3 #=1
I 241 R0805 1 1000 640 1 1 '
|R 23:52_11-18-03
A 990 670 10 1 2 3 VALUE=1.18K
A 970 670 10 1 2 3 REFDES=R370
C 226 5 2 0
A 979 700 10 1 3 3 #=2
C 228 1 1 0
A 979 654 10 1 9 3 #=1
I 242 R0805 1 1280 730 1 1 '
|R 23:52_11-18-03
A 1270 760 10 1 2 3 VALUE=1.24K
A 1250 760 10 1 2 3 REFDES=R371
C 234 1 2 0
A 1259 790 10 1 3 3 #=2
C 233 2 1 0
A 1259 744 10 1 9 3 #=1
I 243 R0805 1 1280 640 1 1 '
|R 23:52_11-18-03
A 1270 670 10 1 2 3 VALUE=845R
A 1250 670 10 1 2 3 REFDES=R372
C 233 1 2 0
A 1259 700 10 1 3 3 #=2
C 232 2 1 0
A 1259 654 10 1 9 3 #=1
T 110 90 36 0 3 (5vlx110tff1136)
T 110 150 36 0 3 Unused MGTs
T 860 540 36 0 3 GTP TIE OFF TAPS
E
