V 51
K 14050350590 ml555_pcie
Y 0
D 0 0 2200 1700
Z 2
i 640
N 639
J 1120 850 2
J 1120 870 2
S 1 2
N 637
J 430 1210 2
J 430 1220 2
S 1 2
N 630
J 1010 710 1
J 870 710 2
S 2 1
L 900 710 10 0 3 0 1 0 CK1_P
N 624
J 920 520 2
J 870 530 2
J 920 530 5
J 920 540 3
J 870 540 2
S 1 3
S 2 3
S 5 4
S 3 4
N 411
J 550 1200 1
J 690 1200 2
S 1 2
L 570 1200 10 0 3 1 1 0 GND
N 517
J 1010 1210 1
J 870 1210 2
S 2 1
L 900 1210 10 0 3 0 1 0 DQ29
N 424
J 690 1530 2
J 550 1530 1
S 2 1
L 570 1530 10 0 3 0 1 0 DDR2_VREF
N 499
J 1010 1530 1
J 870 1530 2
S 2 1
L 900 1530 10 0 3 1 1 0 GND
N 425
J 690 1520 2
J 550 1520 1
S 2 1
L 570 1520 10 0 3 1 1 0 GND
N 497
J 1010 1520 1
J 870 1520 2
S 2 1
L 900 1520 10 0 3 0 1 0 DQ4
N 430
J 550 1510 1
J 690 1510 2
S 1 2
L 570 1510 10 0 3 0 1 0 DQ0
N 498
J 1010 1510 1
J 870 1510 2
S 2 1
L 900 1510 10 0 3 0 1 0 DQ5
N 429
J 550 1500 1
J 690 1500 2
S 1 2
L 570 1500 10 0 3 0 1 0 DQ1
N 393
J 870 1500 2
J 1010 1500 1
S 1 2
L 900 1500 10 0 3 1 1 0 GND
N 426
J 690 1490 2
J 550 1490 1
S 2 1
L 570 1490 10 0 3 1 1 0 GND
N 500
J 870 1490 2
J 1010 1490 1
S 1 2
L 900 1490 10 0 3 0 1 0 DM0
N 428
J 690 1480 2
J 550 1480 1
S 2 1
L 570 1480 10 0 3 0 1 0 DQS0_N
N 392
J 870 1480 2
J 1010 1480 1
S 1 2
L 900 1480 10 0 3 1 1 0 GND
N 427
J 550 1470 1
J 690 1470 2
S 1 2
L 570 1470 10 0 3 0 1 0 DQS0_P
N 501
J 870 1470 2
J 1010 1470 1
S 1 2
L 900 1470 10 0 3 0 1 0 DQ6
N 431
J 550 1460 1
J 690 1460 2
S 1 2
L 570 1460 10 0 3 1 1 0 GND
N 502
J 1010 1460 1
J 870 1460 2
S 2 1
L 900 1460 10 0 3 0 1 0 DQ7
N 423
J 690 1450 2
J 550 1450 1
S 2 1
L 570 1450 10 0 3 0 1 0 DQ2
N 391
J 870 1450 2
J 1010 1450 1
S 1 2
L 900 1450 10 0 3 1 1 0 GND
N 432
J 550 1440 1
J 690 1440 2
S 1 2
L 570 1440 10 0 3 0 1 0 DQ3
N 503
J 1010 1440 1
J 870 1440 2
S 2 1
L 900 1440 10 0 3 0 1 0 DQ12
N 433
J 690 1430 2
J 550 1430 1
S 2 1
L 570 1430 10 0 3 1 1 0 GND
N 504
J 870 1430 2
J 1010 1430 1
S 1 2
L 900 1430 10 0 3 0 1 0 DQ13
N 434
J 550 1420 1
J 690 1420 2
S 1 2
L 570 1420 10 0 3 0 1 0 DQ8
N 390
J 870 1420 2
J 1010 1420 1
S 1 2
L 900 1420 10 0 3 1 1 0 GND
N 435
J 690 1410 2
J 550 1410 1
S 2 1
L 570 1410 10 0 3 0 1 0 DQ9
N 505
J 1010 1410 1
J 870 1410 2
S 2 1
L 900 1410 10 0 3 0 1 0 DM1
N 436
J 550 1400 1
J 690 1400 2
S 1 2
L 570 1400 10 0 3 1 1 0 GND
N 389
J 870 1400 2
J 1010 1400 1
S 1 2
L 900 1400 10 0 3 1 1 0 GND
N 438
J 690 1390 2
J 550 1390 1
S 2 1
L 570 1390 10 0 3 0 1 0 DQS1_N
N 509
J 870 1390 2
J 1010 1390 1
S 1 2
L 900 1390 10 0 3 0 1 0 CK0_P
N 437
J 550 1380 1
J 690 1380 2
S 1 2
L 570 1380 10 0 3 0 1 0 DQS1_P
N 508
J 1010 1380 1
J 870 1380 2
S 2 1
L 900 1380 10 0 3 0 1 0 CK0_N
N 439
J 690 1370 2
J 550 1370 1
S 2 1
L 570 1370 10 0 3 1 1 0 GND
N 388
J 870 1370 2
J 1010 1370 1
S 1 2
L 900 1370 10 0 3 1 1 0 GND
N 440
J 550 1360 1
J 690 1360 2
S 1 2
L 570 1360 10 0 3 0 1 0 DQ10
N 506
J 1010 1360 1
J 870 1360 2
S 2 1
L 900 1360 10 0 3 0 1 0 DQ14
N 441
J 550 1350 1
J 690 1350 2
S 1 2
L 570 1350 10 0 3 0 1 0 DQ11
N 507
J 1010 1350 1
J 870 1350 2
S 2 1
L 900 1350 10 0 3 0 1 0 DQ15
N 415
J 550 1340 1
J 690 1340 2
S 1 2
L 570 1340 10 0 3 1 1 0 GND
N 387
J 870 1340 2
J 1010 1340 1
S 1 2
L 900 1340 10 0 3 1 1 0 GND
N 447
J 690 1320 2
J 550 1320 1
S 2 1
L 570 1320 10 0 3 1 1 0 GND
N 510
J 870 1320 2
J 1010 1320 1
S 1 2
L 900 1320 10 0 3 1 1 0 GND
N 442
J 550 1310 1
J 690 1310 2
S 1 2
L 570 1310 10 0 3 0 1 0 DQ16
N 511
J 1010 1310 1
J 870 1310 2
S 2 1
L 900 1310 10 0 3 0 1 0 DQ20
N 443
J 550 1300 1
J 690 1300 2
S 1 2
L 570 1300 10 0 3 0 1 0 DQ17
N 512
J 1010 1300 1
J 870 1300 2
S 2 1
L 900 1300 10 0 3 0 1 0 DQ21
N 414
J 550 1290 1
J 690 1290 2
S 1 2
L 570 1290 10 0 3 1 1 0 GND
N 386
J 1010 1290 1
J 870 1290 2
S 2 1
L 900 1290 10 0 3 1 1 0 GND
N 445
J 550 1280 1
J 690 1280 2
S 1 2
L 570 1280 10 0 3 0 1 0 DQS2_N
N 444
J 690 1270 2
J 550 1270 1
S 2 1
L 570 1270 10 0 3 0 1 0 DQS2_P
N 513
J 870 1270 2
J 1010 1270 1
S 1 2
L 900 1270 10 0 3 0 1 0 DM2
N 413
J 550 1260 1
J 690 1260 2
S 1 2
L 570 1260 10 0 3 1 1 0 GND
N 385
J 1010 1260 1
J 870 1260 2
S 2 1
L 900 1260 10 0 3 1 1 0 GND
N 446
J 690 1250 2
J 550 1250 1
S 2 1
L 570 1250 10 0 3 0 1 0 DQ18
N 514
J 870 1250 2
J 1010 1250 1
S 1 2
L 900 1250 10 0 3 0 1 0 DQ22
N 448
J 690 1240 2
J 550 1240 1
S 2 1
L 570 1240 10 0 3 0 1 0 DQ19
N 515
J 870 1240 2
J 1010 1240 1
S 1 2
L 900 1240 10 0 3 0 1 0 DQ23
N 412
J 550 1230 1
J 690 1230 2
S 1 2
L 570 1230 10 0 3 1 1 0 GND
N 384
J 1010 1230 1
J 870 1230 2
S 2 1
L 900 1230 10 0 3 1 1 0 GND
N 449
J 550 1220 1
J 690 1220 2
S 1 2
L 570 1220 10 0 3 0 1 0 DQ24
N 516
J 1010 1220 1
J 870 1220 2
S 2 1
L 900 1220 10 0 3 0 1 0 DQ28
N 450
J 550 1210 1
J 690 1210 2
S 1 2
L 570 1210 10 0 3 0 1 0 DQ25
N 553
J 1010 1200 1
J 870 1200 2
S 2 1
L 900 1200 10 0 3 1 1 0 GND
N 496
J 690 1190 2
J 550 1190 1
S 2 1
L 570 1190 10 0 3 0 1 0 DM3
N 520
J 870 1190 2
J 1010 1190 1
S 1 2
L 900 1190 10 0 3 0 1 0 DQS3_N
N 521
J 1010 1180 1
J 870 1180 2
S 2 1
L 900 1180 10 0 3 0 1 0 DQS3_P
N 410
J 550 1170 1
J 690 1170 2
S 1 2
L 570 1170 10 0 3 1 1 0 GND
N 383
J 1010 1170 1
J 870 1170 2
S 2 1
L 900 1170 10 0 3 1 1 0 GND
N 451
J 690 1160 2
J 550 1160 1
S 2 1
L 570 1160 10 0 3 0 1 0 DQ26
N 518
J 870 1160 2
J 1010 1160 1
S 1 2
L 900 1160 10 0 3 0 1 0 DQ30
N 452
J 690 1150 2
J 550 1150 1
S 2 1
L 570 1150 10 0 3 0 1 0 DQ27
N 522
J 870 1150 2
J 1010 1150 1
S 1 2
L 900 1150 10 0 3 0 1 0 DQ31
N 409
J 550 1140 1
J 690 1140 2
S 1 2
L 570 1140 10 0 3 1 1 0 GND
N 519
J 870 1140 2
J 1010 1140 1
S 1 2
L 900 1140 10 0 3 1 1 0 GND
N 573
J 1010 1120 1
J 870 1120 2
S 2 1
L 890 1120 10 0 3 0 1 0 DDR2_VCC1V8
N 575
J 690 1090 2
J 550 1090 1
S 2 1
L 570 1090 10 0 3 0 1 0 DDR2_VCC1V8
N 574
J 1010 1090 1
J 870 1090 2
S 2 1
L 890 1090 10 0 3 0 1 0 DDR2_VCC1V8
N 456
J 690 1080 2
J 550 1080 1
S 2 1
L 570 1080 10 0 3 0 1 0 A12
N 526
J 870 1080 2
J 1010 1080 1
S 1 2
L 900 1080 10 0 3 0 1 0 A11
N 457
J 690 1070 2
J 550 1070 1
S 2 1
L 570 1070 10 0 3 0 1 0 A9
N 527
J 870 1070 2
J 1010 1070 1
S 1 2
L 900 1070 10 0 3 0 1 0 A7
N 458
J 690 1060 2
J 550 1060 1
S 2 1
L 570 1060 10 0 3 0 1 0 A8
N 528
J 870 1060 2
J 1010 1060 1
S 1 2
L 900 1060 10 0 3 0 1 0 A6
N 576
J 690 1050 2
J 550 1050 1
S 2 1
L 570 1050 10 0 3 0 1 0 DDR2_VCC1V8
N 577
J 1010 1050 1
J 870 1050 2
S 2 1
L 890 1050 10 0 3 0 1 0 DDR2_VCC1V8
N 459
J 550 1040 1
J 690 1040 2
S 1 2
L 570 1040 10 0 3 0 1 0 A5
N 379
J 870 1040 2
J 1010 1040 1
S 1 2
L 900 1040 10 0 3 0 1 0 A4
N 460
J 550 1030 1
J 690 1030 2
S 1 2
L 570 1030 10 0 3 0 1 0 A3
N 525
J 870 1030 2
J 1010 1030 1
S 1 2
L 900 1030 10 0 3 0 1 0 A2
N 461
J 690 1020 2
J 550 1020 1
S 2 1
L 570 1020 10 0 3 0 1 0 A1
N 547
J 1010 1020 1
J 870 1020 2
S 2 1
L 900 1020 10 0 3 0 1 0 A0
N 581
J 690 1010 2
J 550 1010 1
S 2 1
L 570 1010 10 0 3 0 1 0 DDR2_VCC1V8
N 578
J 1010 1010 1
J 870 1010 2
S 2 1
L 890 1010 10 0 3 0 1 0 DDR2_VCC1V8
N 462
J 690 1000 2
J 550 1000 1
S 2 1
L 570 1000 10 0 3 0 1 0 A10
N 550
J 1010 1000 1
J 870 1000 2
S 2 1
L 900 1000 10 0 3 0 1 0 BA1
N 463
J 690 990 2
J 550 990 1
S 2 1
L 570 990 10 0 3 0 1 0 BA0
N 549
J 1010 990 1
J 870 990 2
S 2 1
L 900 990 10 0 3 0 1 0 RAS_B
N 464
J 550 980 1
J 690 980 2
S 1 2
L 570 980 10 0 3 0 1 0 WE_B
N 548
J 870 980 2
J 1010 980 1
S 1 2
L 900 980 10 0 3 0 1 0 S0_B
N 582
J 690 970 2
J 550 970 1
S 2 1
L 570 970 10 0 3 0 1 0 DDR2_VCC1V8
N 579
J 1010 970 1
J 870 970 2
S 2 1
L 890 970 10 0 3 0 1 0 DDR2_VCC1V8
N 495
J 550 960 1
J 690 960 2
S 1 2
L 570 960 10 0 3 0 1 0 CAS_B
N 583
J 690 940 2
J 550 940 1
S 2 1
L 570 940 10 0 3 0 1 0 DDR2_VCC1V8
N 580
J 1010 940 1
J 870 940 2
S 2 1
L 890 940 10 0 3 0 1 0 DDR2_VCC1V8
N 465
J 550 920 1
J 690 920 2
S 1 2
L 570 920 10 0 3 1 1 0 GND
N 529
J 1010 920 1
J 870 920 2
S 2 1
L 900 920 10 0 3 1 1 0 GND
N 466
J 690 910 2
J 550 910 1
S 2 1
L 570 910 10 0 3 0 1 0 DQ32
N 377
J 870 910 2
J 1010 910 1
S 1 2
L 900 910 10 0 3 0 1 0 DQ36
N 467
J 690 900 2
J 550 900 1
S 2 1
L 570 900 10 0 3 0 1 0 DQ33
N 378
J 870 900 2
J 1010 900 1
S 1 2
L 900 900 10 0 3 0 1 0 DQ37
N 404
J 690 890 2
J 550 890 1
S 2 1
L 570 890 10 0 3 1 1 0 GND
N 376
J 870 890 2
J 1010 890 1
S 1 2
L 900 890 10 0 3 1 1 0 GND
N 471
J 550 880 1
J 690 880 2
S 1 2
L 570 880 10 0 3 0 1 0 DQS4_N
N 364
J 870 880 2
J 1010 880 1
S 1 2
L 900 880 10 0 3 0 1 0 DM4
N 472
J 690 870 2
J 550 870 1
S 2 1
L 570 870 10 0 3 0 1 0 DQS4_P
N 375
J 870 870 2
J 1010 870 1
S 1 2
L 900 870 10 0 3 1 1 0 GND
N 470
J 550 860 1
J 690 860 2
S 1 2
L 570 860 10 0 3 1 1 0 GND
N 363
J 1010 860 1
J 870 860 2
S 2 1
L 900 860 10 0 3 0 1 0 DQ38
N 468
J 550 850 1
J 690 850 2
S 1 2
L 570 850 10 0 3 0 1 0 DQ34
N 545
J 1010 850 1
J 870 850 2
S 2 1
L 900 850 10 0 3 0 1 0 DQ39
N 469
J 550 840 1
J 690 840 2
S 1 2
L 570 840 10 0 3 0 1 0 DQ35
N 416
J 870 840 2
J 1010 840 1
S 1 2
L 900 840 10 0 3 1 1 0 GND
N 403
J 690 830 2
J 550 830 1
S 2 1
L 570 830 10 0 3 1 1 0 GND
N 365
J 1010 830 1
J 870 830 2
S 2 1
L 900 830 10 0 3 0 1 0 DQ44
N 473
J 550 820 1
J 690 820 2
S 1 2
L 570 820 10 0 3 0 1 0 DQ40
N 366
J 870 820 2
J 1010 820 1
S 1 2
L 900 820 10 0 3 0 1 0 DQ45
N 474
J 690 810 2
J 550 810 1
S 2 1
L 570 810 10 0 3 0 1 0 DQ41
N 374
J 870 810 2
J 1010 810 1
S 1 2
L 900 810 10 0 3 1 1 0 GND
N 402
J 690 800 2
J 550 800 1
S 2 1
L 570 800 10 0 3 1 1 0 GND
N 544
J 870 800 2
J 1010 800 1
S 1 2
L 900 800 10 0 3 0 1 0 DQS5_N
N 492
J 690 790 2
J 550 790 1
S 2 1
L 570 790 10 0 3 0 1 0 DM5
N 543
J 1010 790 1
J 870 790 2
S 2 1
L 900 790 10 0 3 0 1 0 DQS5_P
N 401
J 690 780 2
J 550 780 1
S 2 1
L 570 780 10 0 3 1 1 0 GND
N 417
J 1010 780 1
J 870 780 2
S 2 1
L 900 780 10 0 3 1 1 0 GND
N 479
J 550 770 1
J 690 770 2
S 1 2
L 570 770 10 0 3 0 1 0 DQ42
N 418
J 870 770 2
J 1010 770 1
S 1 2
L 900 770 10 0 3 0 1 0 DQ46
N 480
J 550 760 1
J 690 760 2
S 1 2
L 570 760 10 0 3 0 1 0 DQ43
N 419
J 870 760 2
J 1010 760 1
S 1 2
L 900 760 10 0 3 0 1 0 DQ47
N 400
J 690 750 2
J 550 750 1
S 2 1
L 570 750 10 0 3 1 1 0 GND
N 373
J 870 750 2
J 1010 750 1
S 1 2
L 900 750 10 0 3 1 1 0 GND
N 481
J 690 740 2
J 550 740 1
S 2 1
L 570 740 10 0 3 0 1 0 DQ48
N 542
J 870 740 2
J 1010 740 1
S 1 2
L 900 740 10 0 3 0 1 0 DQ52
N 482
J 690 730 2
J 550 730 1
S 2 1
L 570 730 10 0 3 0 1 0 DQ49
N 541
J 870 730 2
J 1010 730 1
S 1 2
L 900 730 10 0 3 0 1 0 DQ53
N 399
J 690 720 2
J 550 720 1
S 2 1
L 570 720 10 0 3 1 1 0 GND
N 420
J 1010 720 1
J 870 720 2
S 2 1
L 900 720 10 0 3 1 1 0 GND
N 398
J 690 700 2
J 550 700 1
S 2 1
L 570 700 10 0 3 1 1 0 GND
N 484
J 690 690 2
J 550 690 1
S 2 1
L 570 690 10 0 3 0 1 0 DQS6_N
N 530
J 870 690 2
J 1010 690 1
S 1 2
L 900 690 10 0 3 1 1 0 GND
N 483
J 550 680 1
J 690 680 2
S 1 2
L 570 680 10 0 3 0 1 0 DQS6_P
N 421
J 870 680 2
J 1010 680 1
S 1 2
L 900 680 10 0 3 0 1 0 DM6
N 397
J 690 670 2
J 550 670 1
S 2 1
L 570 670 10 0 3 1 1 0 GND
N 531
J 1010 670 1
J 870 670 2
S 2 1
L 900 670 10 0 3 1 1 0 GND
N 485
J 550 660 1
J 690 660 2
S 1 2
L 570 660 10 0 3 0 1 0 DQ50
N 536
J 1010 660 1
J 870 660 2
S 2 1
L 900 660 10 0 3 0 1 0 DQ54
N 486
J 690 650 2
J 550 650 1
S 2 1
L 570 650 10 0 3 0 1 0 DQ51
N 422
J 1010 650 1
J 870 650 2
S 2 1
L 900 650 10 0 3 0 1 0 DQ55
N 396
J 690 640 2
J 550 640 1
S 2 1
L 570 640 10 0 3 1 1 0 GND
N 372
J 870 640 2
J 1010 640 1
S 1 2
L 900 640 10 0 3 1 1 0 GND
N 487
J 690 630 2
J 550 630 1
S 2 1
L 570 630 10 0 3 0 1 0 DQ56
N 535
J 870 630 2
J 1010 630 1
S 1 2
L 900 630 10 0 3 0 1 0 DQ60
N 488
J 690 620 2
J 550 620 1
S 2 1
L 570 620 10 0 3 0 1 0 DQ57
N 534
J 1010 620 1
J 870 620 2
S 2 1
L 900 620 10 0 3 0 1 0 DQ61
N 395
J 690 610 2
J 550 610 1
S 2 1
L 570 610 10 0 3 1 1 0 GND
N 369
J 870 610 2
J 1010 610 1
S 1 2
L 900 610 10 0 3 1 1 0 GND
N 491
J 550 600 1
J 690 600 2
S 1 2
L 570 600 10 0 3 0 1 0 DM7
N 538
J 870 600 2
J 1010 600 1
S 1 2
L 900 600 10 0 3 0 1 0 DQS7_N
N 394
J 690 590 2
J 550 590 1
S 2 1
L 570 590 10 0 3 1 1 0 GND
N 539
J 1010 590 1
J 870 590 2
S 2 1
L 900 590 10 0 3 0 1 0 DQS7_P
N 489
J 550 580 1
J 690 580 2
S 1 2
L 570 580 10 0 3 0 1 0 DQ58
N 532
J 870 580 2
J 1010 580 1
S 1 2
L 900 580 10 0 3 1 1 0 GND
N 490
J 550 570 1
J 690 570 2
S 1 2
L 570 570 10 0 3 0 1 0 DQ59
N 537
J 1010 570 1
J 870 570 2
S 2 1
L 900 570 10 0 3 0 1 0 DQ62
N 478
J 550 560 1
J 690 560 2
S 1 2
L 570 560 10 0 3 1 1 0 GND
N 533
J 1010 560 1
J 870 560 2
S 2 1
L 900 560 10 0 3 0 1 0 DQ63
N 368
J 870 550 2
J 1010 550 1
S 1 2
L 900 550 10 0 3 1 1 0 GND
I 199 ML555_Production_REV01:CSHEET 1 0 0 0 1 '
|R 15:48_8-9-04
A 1827 128 28 0 6 0 @NAME=ML555_PCIE
A 1332 54 10 0 3 3 AUTHOR=DAVID NAYLOR
A 1652 52 10 0 3 3 @SHEET=19
A 1872 52 15 0 3 3 @DATETIME=9-14-2006_6:09
A 1702 52 10 0 3 3 @SHEETTOTAL=37
I 555 ML555_Production_REV01:DDR2_VREF 1 1910 550 0 1 '
|R 15:37_10-24-05
C 562 3 2 0
N 562
J 1770 510 1
J 1920 510 3
J 1920 550 2
S 2 3
S 1 2
L 1780 510 10 0 3 0 1 0 DDR2_VREF
N 563
J 1920 440 2
J 1770 470 1
J 1920 470 3
S 1 3
S 2 3
L 1780 470 10 0 3 1 1 0 GND
N 569
J 1770 610 1
J 1920 610 3
J 1920 660 2
S 2 3
S 1 2
L 1780 610 10 0 3 1 1 0 DDR2_VCC1V8
I 570 ML555_Production_REV01:DDR2_VCC1V8 1 1910 660 0 1 '
|R 18:27_11-11-05
C 569 3 2 0
N 476
J 690 550 2
J 550 550 1
S 2 1
L 570 550 10 0 3 0 1 0 SDA
N 475
J 690 540 2
J 550 540 1
S 2 1
L 570 540 10 0 3 0 1 0 SCL
N 453
J 550 1120 1
J 690 1120 2
S 1 2
L 570 1120 10 0 3 1 1 0 DDR2_VCC1V8
N 619
J 690 530 2
J 550 530 1
S 2 1
L 570 530 10 0 3 0 1 0 DDR2_VCC1V8
I 556 ML555_Production_REV01:GND 1 1910 420 0 1 '
|R 20:19_12-11-03
C 563 1 1 0
I 622 ML555_Production_REV01:GND 1 910 500 0 1 '
|R 20:19_12-11-03
C 624 1 1 0
I 628 ML555_Production_REV01:SODIMM_200_DDR2 1 690 480 0 1 '
|R 22:08_12-9-05
A 780 1570 16 0 5 3 REFDES=J2
C 629 1 491 0
A 885 700 10 0 9 3 #=166
C 630 2 493 0
A 885 710 10 0 9 3 #=164
C 464 2 273 0
A 705 980 10 0 9 3 #=109
C 436 2 192 0
A 705 1400 10 0 9 3 #=27
C 391 1 212 0
A 875 1450 10 0 9 3 #=18
C 433 1 189 0
A 705 1430 10 0 9 3 #=21
C 392 1 210 0
A 875 1480 10 0 9 3 #=12
C 368 1 404 0
A 885 550 10 0 9 3 #=196
C 532 1 400 0
A 885 580 10 0 9 3 #=190
C 478 2 452 0
A 705 560 10 0 9 3 #=193
C 369 1 496 0
A 885 610 10 0 9 3 #=184
C 394 1 449 0
A 705 590 10 0 9 3 #=187
C 372 1 396 0
A 885 640 10 0 9 3 #=178
C 395 1 443 0
A 705 610 10 0 9 3 #=183
C 531 2 393 0
A 885 670 10 0 9 3 #=172
C 431 2 186 0
A 705 1460 10 0 9 3 #=15
C 396 1 444 0
A 705 640 10 0 9 3 #=177
C 530 1 492 0
A 885 690 10 0 9 3 #=168
C 397 1 440 0
A 705 670 10 0 9 3 #=171
C 420 2 487 0
A 885 720 10 0 9 3 #=162
C 398 1 438 0
A 705 700 10 0 9 3 #=165
C 373 1 381 0
A 885 750 10 0 9 3 #=156
C 399 1 436 0
A 705 720 10 0 9 3 #=161
C 417 2 386 0
A 885 780 10 0 9 3 #=150
C 400 1 433 0
A 705 750 10 0 9 3 #=155
C 374 1 484 0
A 885 810 10 0 9 3 #=144
C 393 1 208 0
A 865 1500 10 0 9 3 #=8
C 401 1 430 0
A 705 780 10 0 9 3 #=149
C 416 1 378 0
A 885 840 10 0 9 3 #=138
C 402 1 429 0
A 705 800 10 0 9 3 #=145
C 375 1 367 0
A 885 870 10 0 9 3 #=132
C 403 1 425 0
A 705 830 10 0 9 3 #=139
C 376 1 368 0
A 885 890 10 0 9 3 #=128
C 470 2 423 0
A 705 860 10 0 9 3 #=133
C 529 2 481 0
A 885 920 10 0 9 3 #=122
C 404 1 421 0
A 705 890 10 0 9 3 #=127
C 519 1 473 0
A 875 1140 10 0 9 3 #=78
C 426 1 182 0
A 705 1490 10 0 9 3 #=9
C 465 2 416 0
A 705 920 10 0 9 3 #=121
C 383 2 471 0
A 875 1170 10 0 9 3 #=72
C 409 2 405 0
A 705 1140 10 0 9 3 #=77
C 553 2 340 0
A 875 1200 10 0 9 3 #=66
C 410 2 244 0
A 705 1170 10 0 9 3 #=71
C 384 2 335 0
A 875 1230 10 0 9 3 #=60
C 411 2 247 0
A 705 1200 10 0 9 3 #=65
C 385 2 333 0
A 875 1260 10 0 9 3 #=54
C 412 2 240 0
A 705 1230 10 0 9 3 #=59
C 386 2 465 0
A 875 1290 10 0 9 3 #=48
C 499 2 456 0
A 865 1530 10 0 9 3 #=2
C 413 2 237 0
A 705 1260 10 0 9 3 #=53
C 510 1 228 0
A 875 1320 10 0 9 3 #=42
C 414 2 233 0
A 705 1290 10 0 9 3 #=47
C 387 1 464 0
A 875 1340 10 0 9 3 #=40
C 447 1 230 0
A 705 1320 10 0 9 3 #=41
C 388 1 461 0
A 875 1370 10 0 9 3 #=34
C 415 2 198 0
A 705 1340 10 0 9 3 #=39
C 389 1 215 0
A 875 1400 10 0 9 3 #=28
C 439 1 193 0
A 705 1370 10 0 9 3 #=33
C 390 1 216 0
A 875 1420 10 0 9 3 #=24
C 425 1 142 0
A 705 1520 10 0 9 3 #=3
C 424 1 83 0
A 705 1530 10 0 9 3 #=1
C 619 1 455 0
A 705 530 10 0 9 3 #=199
C 582 1 412 0
A 705 970 10 0 9 3 #=111
C 578 2 358 0
A 885 1010 10 0 9 3 #=104
C 581 1 280 0
A 705 1010 10 0 9 3 #=103
C 577 2 477 0
A 875 1050 10 0 9 3 #=96
C 576 1 411 0
A 705 1050 10 0 9 3 #=95
C 574 2 350 0
A 875 1090 10 0 9 3 #=88
C 575 1 409 0
A 705 1090 10 0 9 3 #=87
C 573 2 345 0
A 875 1120 10 0 9 3 #=82
C 580 2 356 0
A 885 940 10 0 9 3 #=118
C 583 1 413 0
A 705 940 10 0 9 3 #=117
C 579 2 480 0
A 885 970 10 0 9 3 #=112
C 453 2 254 0
A 705 1120 10 0 9 3 #=81
C 476 1 453 0
A 705 550 10 0 9 3 #=195
C 475 1 454 0
A 705 540 10 0 9 3 #=197
C 624 2 499 0
A 885 530 10 0 9 3 #=200
C 624 5 498 0
A 885 540 10 0 9 3 #=198
X 414 0
A 705 950 10 0 9 3 #=115
C 548 1 479 0
A 885 980 10 0 9 3 #=110
C 549 2 478 0
A 885 990 10 0 9 3 #=108
X 415 0
A 705 930 10 0 9 3 #=119
C 551 4 362 0
A 885 960 10 0 9 3 #=114
X 359 0
A 885 930 10 0 9 3 #=120
X 357 0
A 885 950 10 0 9 3 #=116
X 347 0
A 875 1100 10 0 9 3 #=86
X 437 0
A 705 710 10 0 9 3 #=163
X 344 0
A 875 1110 10 0 9 3 #=84
X 407 0
A 705 1110 10 0 9 3 #=83
X 466 0
A 875 1280 10 0 9 3 #=50
X 249 0
A 705 1180 10 0 9 3 #=69
C 538 1 398 0
A 885 600 10 0 9 3 #=186
C 539 2 402 0
A 885 590 10 0 9 3 #=188
C 484 1 439 0
A 705 690 10 0 9 3 #=167
C 483 2 441 0
A 705 680 10 0 9 3 #=169
C 544 1 379 0
A 885 800 10 0 9 3 #=146
C 543 2 486 0
A 885 790 10 0 9 3 #=148
C 471 2 419 0
A 705 880 10 0 9 3 #=129
C 472 1 422 0
A 705 870 10 0 9 3 #=131
C 520 1 338 0
A 875 1190 10 0 9 3 #=68
C 521 2 469 0
A 875 1180 10 0 9 3 #=70
C 445 2 235 0
A 705 1280 10 0 9 3 #=49
C 444 1 234 0
A 705 1270 10 0 9 3 #=51
C 438 1 195 0
A 705 1390 10 0 9 3 #=29
C 437 2 194 0
A 705 1380 10 0 9 3 #=31
C 428 1 184 0
A 705 1480 10 0 9 3 #=11
C 427 2 185 0
A 705 1470 10 0 9 3 #=13
C 435 1 191 0
A 705 1410 10 0 9 3 #=25
C 434 2 190 0
A 705 1420 10 0 9 3 #=23
C 502 2 209 0
A 875 1460 10 0 9 3 #=16
C 533 2 403 0
A 885 560 10 0 9 3 #=194
C 537 2 497 0
A 885 570 10 0 9 3 #=192
C 534 2 394 0
A 885 620 10 0 9 3 #=182
C 535 1 495 0
A 885 630 10 0 9 3 #=180
C 501 1 457 0
A 875 1470 10 0 9 3 #=14
C 490 2 451 0
A 705 570 10 0 9 3 #=191
C 489 2 450 0
A 705 580 10 0 9 3 #=189
C 488 1 447 0
A 705 620 10 0 9 3 #=181
C 487 1 446 0
A 705 630 10 0 9 3 #=179
C 422 2 391 0
A 885 650 10 0 9 3 #=176
C 536 2 392 0
A 885 660 10 0 9 3 #=174
C 541 1 387 0
A 885 730 10 0 9 3 #=160
C 542 1 388 0
A 885 740 10 0 9 3 #=158
C 486 1 445 0
A 705 650 10 0 9 3 #=175
C 485 2 442 0
A 705 660 10 0 9 3 #=173
C 498 2 204 0
A 865 1510 10 0 9 3 #=6
C 482 1 435 0
A 705 730 10 0 9 3 #=159
C 481 1 434 0
A 705 740 10 0 9 3 #=157
C 419 1 380 0
A 885 760 10 0 9 3 #=154
C 418 1 382 0
A 885 770 10 0 9 3 #=152
C 366 1 483 0
A 885 820 10 0 9 3 #=142
C 365 2 485 0
A 885 830 10 0 9 3 #=140
C 480 2 431 0
A 705 760 10 0 9 3 #=153
C 479 2 432 0
A 705 770 10 0 9 3 #=151
C 474 1 427 0
A 705 810 10 0 9 3 #=143
C 473 2 426 0
A 705 820 10 0 9 3 #=141
C 497 2 199 0
A 865 1520 10 0 9 3 #=4
C 545 2 377 0
A 885 850 10 0 9 3 #=136
C 363 2 390 0
A 885 860 10 0 9 3 #=134
C 378 1 363 0
A 885 900 10 0 9 3 #=126
C 377 1 482 0
A 885 910 10 0 9 3 #=124
C 469 2 424 0
A 705 840 10 0 9 3 #=137
C 468 2 418 0
A 705 850 10 0 9 3 #=135
C 467 1 420 0
A 705 900 10 0 9 3 #=125
C 466 1 417 0
A 705 910 10 0 9 3 #=123
C 522 1 474 0
A 875 1150 10 0 9 3 #=76
C 518 1 470 0
A 875 1160 10 0 9 3 #=74
C 432 2 188 0
A 705 1440 10 0 9 3 #=19
C 517 2 336 0
A 875 1210 10 0 9 3 #=64
C 516 2 468 0
A 875 1220 10 0 9 3 #=62
C 452 1 246 0
A 705 1150 10 0 9 3 #=75
C 451 1 245 0
A 705 1160 10 0 9 3 #=73
C 450 2 243 0
A 705 1210 10 0 9 3 #=63
C 449 2 241 0
A 705 1220 10 0 9 3 #=61
C 515 1 467 0
A 875 1240 10 0 9 3 #=58
C 514 1 331 0
A 875 1250 10 0 9 3 #=56
C 512 2 227 0
A 875 1300 10 0 9 3 #=46
C 511 2 226 0
A 875 1310 10 0 9 3 #=44
C 423 1 187 0
A 705 1450 10 0 9 3 #=17
C 448 1 239 0
A 705 1240 10 0 9 3 #=57
C 446 1 238 0
A 705 1250 10 0 9 3 #=55
C 443 2 500 0
A 705 1300 10 0 9 3 #=45
C 442 2 231 0
A 705 1310 10 0 9 3 #=43
C 507 2 463 0
A 875 1350 10 0 9 3 #=38
C 506 2 462 0
A 875 1360 10 0 9 3 #=36
C 504 1 213 0
A 875 1430 10 0 9 3 #=22
C 503 2 211 0
A 875 1440 10 0 9 3 #=20
C 441 2 197 0
A 705 1350 10 0 9 3 #=37
C 440 2 196 0
A 705 1360 10 0 9 3 #=35
C 429 2 183 0
A 705 1500 10 0 9 3 #=7
C 430 2 143 0
A 705 1510 10 0 9 3 #=5
C 491 2 448 0
A 705 600 10 0 9 3 #=185
C 421 1 494 0
A 885 680 10 0 9 3 #=170
C 492 1 428 0
A 705 790 10 0 9 3 #=147
C 364 1 366 0
A 885 880 10 0 9 3 #=130
C 496 1 248 0
A 705 1190 10 0 9 3 #=67
C 513 1 334 0
A 875 1270 10 0 9 3 #=52
C 505 2 458 0
A 875 1410 10 0 9 3 #=26
C 500 1 206 0
A 875 1490 10 0 9 3 #=10
X 472 0
A 875 1130 10 0 9 3 #=80
C 454 4 406 0
A 705 1130 10 0 9 3 #=79
C 508 2 459 0
A 875 1380 10 0 9 3 #=32
C 509 1 460 0
A 875 1390 10 0 9 3 #=30
C 495 2 274 0
A 705 960 10 0 9 3 #=113
C 552 2 408 0
A 705 1100 10 0 9 3 #=85
C 550 2 351 0
A 885 1000 10 0 9 3 #=106
C 463 1 271 0
A 705 990 10 0 9 3 #=107
C 457 1 257 0
A 705 1070 10 0 9 3 #=91
C 458 1 255 0
A 705 1060 10 0 9 3 #=93
C 527 1 476 0
A 875 1070 10 0 9 3 #=92
C 528 1 353 0
A 875 1060 10 0 9 3 #=94
C 459 2 410 0
A 705 1040 10 0 9 3 #=97
C 379 1 360 0
A 875 1040 10 0 9 3 #=98
C 460 2 260 0
A 705 1030 10 0 9 3 #=99
C 525 1 352 0
A 885 1030 10 0 9 3 #=100
C 456 1 256 0
A 705 1080 10 0 9 3 #=89
C 526 1 475 0
A 875 1080 10 0 9 3 #=90
C 462 1 270 0
A 705 1000 10 0 9 3 #=105
C 461 1 269 0
A 705 1020 10 0 9 3 #=101
C 547 2 355 0
A 885 1020 10 0 9 3 #=102
N 629
J 870 700 2
J 1010 700 1
S 1 2
L 900 700 10 0 3 0 1 0 CK1_N
N 552
J 500 1100 1
J 690 1100 2
S 1 2
L 570 1100 10 0 3 0 1 0 BA2_NC5
I 598 ML555_Production_REV01:R0402 1 1140 870 1 1 '
|R 17:16_9-9-04
A 1130 890 10 1 2 3 VALUE=4.7K
A 1110 900 10 1 5 3 REFDES=R441
C 551 2 2 0
A 1119 930 10 1 3 3 #=2
C 639 2 1 0
A 1119 884 10 1 9 3 #=1
I 597 sk_lvds_lib:GND 1 1110 830 0 1 '
|R 20:19_12-11-03
C 639 1 1 0
N 551
J 1120 960 5
J 1120 940 2
J 1200 960 1
J 870 960 2
S 2 1
S 4 1
L 900 960 10 0 3 0 1 0 ODT0
S 1 3
L 1150 960 10 0 3 0 1 0 ODT0
I 633 ML555_Production_REV01:R0402 1 450 1220 1 1 '
|R 17:16_9-9-04
A 440 1240 10 1 2 3 VALUE=4.7K
A 420 1250 10 1 5 3 REFDES=R443
C 454 1 2 0
A 429 1280 10 1 3 3 #=2
C 637 2 1 0
A 429 1234 10 1 9 3 #=1
I 636 sk_lvds_lib:GND 1 420 1190 0 1 '
|R 20:19_12-11-03
C 637 1 1 0
N 454
J 430 1290 2
J 500 1310 3
J 500 1130 3
J 690 1130 2
J 360 1310 1
J 430 1310 5
S 1 6
S 3 2
S 3 4
L 570 1130 10 0 3 0 1 0 CKE0
S 6 2
L 370 1310 10 0 3 0 1 0 CKE0
S 5 6
T 90 140 36 0 3 SODIMM DDR-2 200-pin 1.8V memory socket
T 90 80 36 0 3 121 pin interface
T 200 1030 16 0 3 - BA2 for 1GB SODIMM
T 1120 1525 26 0 3 Supports Micron single rank SODIMMs:
T 200 1050 16 0 3 - NC for 512MB SODIMM
T 200 1070 16 0 3 - NC for 256MB SODIMM
T 310 1090 16 0 3 Pin85 Application
Q 5 3 0
T 1120 1465 30 0 3 MT4HTF1664HY-667 128MB
T 1120 1425 30 0 3 MT4HTF3264HY-667 256MB
T 1120 1385 30 0 3 MT4HTF6464HY-53E 512MB
E
