V 51
K 234318506700 ml555_pcie
Y 0
D 0 0 2200 1700
Z 2
i 455
N 390
J 365 965 5
J 585 955 2
J 585 965 3
J 475 955 2
J 475 965 5
J 365 955 2
J 365 815 2
J 475 815 2
J 585 815 2
J 695 815 2
J 695 825 3
J 585 825 5
J 475 825 5
J 365 825 5
J 315 825 3
J 695 885 2
J 695 895 3
J 585 885 2
J 585 895 5
J 475 885 2
J 475 895 5
J 365 885 2
J 365 895 5
J 315 895 5
J 315 965 5
J 315 1150 2
J 315 1140 5
J 360 1125 2
J 360 1140 5
J 540 1125 2
J 630 1125 2
J 720 1125 2
J 810 1125 2
J 900 1125 2
J 990 1125 2
J 990 1140 3
J 900 1140 5
J 810 1140 5
J 720 1140 5
J 630 1140 5
J 540 1140 5
J 450 1140 5
J 450 1125 2
S 25 1
S 2 3
S 5 3
S 4 5
S 1 5
S 6 1
S 7 14
S 8 13
S 9 12
S 10 11
S 12 11
S 13 12
S 14 13
S 15 14
S 15 24
S 16 17
S 19 17
S 18 19
S 21 19
S 20 21
S 23 21
S 22 23
S 24 23
S 24 25
S 25 27
S 27 26
S 27 29
S 28 29
S 29 42
S 30 41
S 31 40
S 32 39
S 33 38
S 34 37
S 35 36
S 37 36
S 38 37
S 39 38
S 40 39
S 41 40
S 42 41
S 43 42
N 391
J 365 915 5
J 585 925 2
J 585 915 3
J 475 925 2
J 475 915 5
J 365 925 2
J 365 785 2
J 695 785 2
J 695 775 3
J 585 785 2
J 585 775 5
J 475 785 2
J 475 775 5
J 365 775 5
J 335 735 2
J 335 775 5
J 475 855 2
J 695 855 2
J 695 845 3
J 585 855 2
J 585 845 5
J 475 845 5
J 365 855 2
J 365 845 5
J 335 845 5
J 335 915 5
J 335 1080 3
J 450 1090 2
J 540 1090 2
J 720 1090 2
J 990 1090 2
J 990 1080 3
J 900 1090 2
J 900 1080 5
J 810 1090 2
J 810 1080 5
J 720 1080 5
J 630 1090 2
J 630 1080 5
J 540 1080 5
J 450 1080 5
J 360 1080 5
J 360 1090 2
S 26 1
S 3 2
S 5 3
S 5 4
S 1 5
S 1 6
S 14 7
S 9 8
S 11 9
S 11 10
S 13 11
S 13 12
S 14 13
S 16 14
S 15 16
S 16 25
S 22 17
S 19 18
S 21 19
S 21 20
S 22 21
S 24 22
S 24 23
S 25 24
S 25 26
S 26 27
S 27 42
S 41 28
S 40 29
S 37 30
S 32 31
S 34 32
S 34 33
S 36 34
S 36 35
S 37 36
S 39 37
S 39 38
S 40 39
S 41 40
S 42 41
S 42 43
N 382
J 580 1520 3
J 580 1505 2
J 360 1370 5
J 690 1360 2
J 690 1370 3
J 580 1360 2
J 580 1370 5
J 470 1360 2
J 470 1370 5
J 310 1370 3
J 360 1360 2
J 470 1505 2
J 470 1520 5
J 360 1505 2
J 360 1520 5
J 310 1520 5
J 310 1540 2
J 470 1430 2
J 470 1440 3
J 360 1430 2
J 360 1440 5
J 310 1440 5
S 13 1
S 2 1
S 10 22
S 4 5
S 7 5
S 6 7
S 9 7
S 8 9
S 3 9
S 10 3
S 11 3
S 22 16
S 14 15
S 16 15
S 16 17
S 18 19
S 21 19
S 20 21
S 22 21
S 15 13
S 12 13
N 383
J 580 1460 3
J 580 1470 2
J 360 1320 5
J 360 1330 2
J 320 1310 2
J 320 1320 5
J 580 1330 2
J 690 1330 2
J 690 1320 3
J 580 1320 5
J 470 1320 5
J 470 1330 2
J 470 1400 2
J 470 1390 3
J 360 1400 2
J 360 1390 5
J 320 1390 5
J 320 1460 3
J 470 1470 2
J 470 1460 5
J 360 1460 5
J 360 1470 2
S 20 1
S 1 2
S 6 17
S 3 4
S 5 6
S 6 3
S 3 11
S 10 7
S 9 8
S 10 9
S 11 10
S 11 12
S 14 13
S 16 14
S 16 15
S 17 16
S 17 18
S 18 21
S 21 22
S 21 20
S 20 19
I 141 ML555_Production_REV01:VCC2V5 1 305 1150 0 1 '
C 390 26 2 0
I 1 ML555_Production_REV01:CSHEET 1 0 0 0 1 '
|R 15:48_8-9-04
A 1827 128 28 0 6 0 @NAME=ML555_PCIE
A 1332 54 10 0 3 3 AUTHOR=DAVID NAYLOR
A 1652 52 10 0 3 3 @SHEET=33
A 1872 52 15 0 3 3 @DATETIME=9-12-2006_12:12
A 1702 52 10 0 3 3 @SHEETTOTAL=37
I 209 ML555_Production_REV01:VCCAUX2V5 1 300 1540 0 1 '
|R 19:14_10-27-05
C 382 17 2 0
I 207 ML555_Production_REV01:GND 1 310 1290 0 1 '
|R 20:19_12-11-03
C 383 5 1 0
I 355 sk_lvds_lib:CAPT_B_3528 1 440 1090 0 1 '
|R 17:56_11-10-03
A 465 1105 10 0 3 3 VALUE=47UF
A 465 1115 10 0 3 3 REFDES=C37
C 390 43 4 0
A 435 1115 10 0 3 3 #=1
C 391 28 3 0
A 435 1090 10 0 3 3 #=2
I 356 sk_lvds_lib:CAPT_B_3528 1 530 1090 0 1 '
|R 17:56_11-10-03
A 555 1105 10 0 3 3 VALUE=47UF
A 555 1115 10 0 3 3 REFDES=C38
C 390 30 4 0
A 525 1115 10 0 3 3 #=1
C 391 29 3 0
A 525 1090 10 0 3 3 #=2
I 357 sk_lvds_lib:CAPT_B_3528 1 620 1090 0 1 '
|R 17:56_11-10-03
A 645 1105 10 0 3 3 VALUE=47UF
A 645 1115 10 0 3 3 REFDES=C39
C 390 31 4 0
A 615 1115 10 0 3 3 #=1
C 391 38 3 0
A 615 1090 10 0 3 3 #=2
I 373 sk_lvds_lib:CAPT_B_3528 1 710 1090 0 1 '
|R 17:56_11-10-03
A 735 1105 10 0 3 3 VALUE=47UF
A 735 1115 10 0 3 3 REFDES=C40
C 390 32 4 0
A 705 1115 10 0 3 3 #=1
C 391 30 3 0
A 705 1090 10 0 3 3 #=2
I 372 sk_lvds_lib:CAPT_B_3528 1 800 1090 0 1 '
|R 17:56_11-10-03
A 825 1105 10 0 3 3 VALUE=47UF
A 825 1115 10 0 3 3 REFDES=C83
C 390 33 4 0
A 795 1115 10 0 3 3 #=1
C 391 35 3 0
A 795 1090 10 0 3 3 #=2
I 371 sk_lvds_lib:CAPT_B_3528 1 890 1090 0 1 '
|R 17:56_11-10-03
A 915 1105 10 0 3 3 VALUE=47UF
A 915 1115 10 0 3 3 REFDES=C84
C 390 34 4 0
A 885 1115 10 0 3 3 #=1
C 391 33 3 0
A 885 1090 10 0 3 3 #=2
I 377 ML555_Production_REV01:CAPT_B_3528 1 460 1470 0 1 '
|R 17:56_11-10-03
A 485 1485 10 0 3 3 VALUE=DNA
A 485 1495 10 0 3 3 REFDES=C32
C 382 12 4 0
A 455 1495 10 0 3 3 #=1
C 383 19 3 0
A 455 1470 10 0 3 3 #=2
I 378 ML555_Production_REV01:CAPT_B_3528 1 350 1470 0 1 '
|R 17:56_11-10-03
A 375 1485 10 0 3 3 VALUE=33UF
A 375 1495 10 0 3 3 REFDES=C29
C 382 14 4 0
A 345 1495 10 0 3 3 #=1
C 383 22 3 0
A 345 1470 10 0 3 3 #=2
I 200 ML555_Production_REV01:CAP_0805 1 340 1400 0 1 '
|R 20:11_11-19-03
A 390 1420 10 0 3 3 REFDES=C209
A 390 1410 10 0 3 3 VALUE=DNA
A 390 1400 10 0 3 3 PKG_TYPE=C0805
C 383 15 6 0
A 360 1410 10 5 1 3 #=2
C 382 20 5 0
A 360 1420 10 1 1 3 #=1
I 222 ML555_Production_REV01:CAP_0805 1 450 1400 0 1 '
|R 20:11_11-19-03
A 500 1420 10 0 3 3 REFDES=C208
A 500 1410 10 0 3 3 VALUE=DNA
A 500 1400 10 0 3 3 PKG_TYPE=C0805
C 383 13 6 0
A 470 1410 10 5 1 3 #=2
C 382 18 5 0
A 470 1420 10 1 1 3 #=1
I 276 ML555_Production_REV01:CAP_0402 1 340 1330 0 1 '
|R 21:36_5-24-04
A 390 1330 10 0 3 3 PKG_TYPE=C0402
A 390 1340 10 0 3 3 VALUE=DNA
A 390 1350 10 0 3 3 REFDES=C88
C 383 4 6 0
A 360 1340 10 5 1 3 #=2
C 382 11 5 0
A 360 1350 10 1 1 3 #=1
I 274 ML555_Production_REV01:CAP_0402 1 450 1330 0 1 '
|R 21:36_5-24-04
A 500 1330 10 0 3 3 PKG_TYPE=C0402
A 500 1340 10 0 3 3 VALUE=DNA
A 500 1350 10 0 3 3 REFDES=C81
C 383 12 6 0
A 470 1340 10 5 1 3 #=2
C 382 8 5 0
A 470 1350 10 1 1 3 #=1
I 275 ML555_Production_REV01:CAP_0402 1 560 1330 0 1 '
|R 21:36_5-24-04
A 610 1330 10 0 3 3 PKG_TYPE=C0402
A 610 1340 10 0 3 3 VALUE=DNA
A 610 1350 10 0 3 3 REFDES=C82
C 383 7 6 0
A 580 1340 10 5 1 3 #=2
C 382 6 5 0
A 580 1350 10 1 1 3 #=1
I 272 ML555_Production_REV01:CAP_0402 1 670 1330 0 1 '
|R 21:36_5-24-04
A 720 1330 10 0 3 3 PKG_TYPE=C0402
A 720 1340 10 0 3 3 VALUE=DNA
A 720 1350 10 0 3 3 REFDES=C79
C 383 8 6 0
A 690 1340 10 5 1 3 #=2
C 382 4 5 0
A 690 1350 10 1 1 3 #=1
I 370 sk_lvds_lib:CAPT_B_3528 1 980 1090 0 1 '
|R 17:56_11-10-03
A 1005 1105 10 0 3 3 VALUE=47UF
A 1005 1115 10 0 3 3 REFDES=C85
C 390 35 4 0
A 975 1115 10 0 3 3 #=1
C 391 31 3 0
A 975 1090 10 0 3 3 #=2
I 354 sk_lvds_lib:CAPT_B_3528 1 350 1090 0 1 '
|R 17:56_11-10-03
A 375 1105 10 0 3 3 VALUE=47UF
A 375 1115 10 0 3 3 REFDES=C36
C 390 28 4 0
A 345 1115 10 0 3 3 #=1
C 391 43 3 0
A 345 1090 10 0 3 3 #=2
I 162 ML555_Production_REV01:CAP_0805 1 345 925 0 1 '
|R 20:11_11-19-03
A 395 925 10 0 3 3 PKG_TYPE=C0805
A 395 935 10 0 3 3 VALUE=DNA
A 395 945 10 0 3 3 REFDES=C230
C 391 6 6 0
A 365 935 10 5 1 3 #=2
C 390 6 5 0
A 365 945 10 1 1 3 #=1
I 163 ML555_Production_REV01:CAP_0805 1 455 925 0 1 '
|R 20:11_11-19-03
A 505 925 10 0 3 3 PKG_TYPE=C0805
A 505 935 10 0 3 3 VALUE=DNA
A 505 945 10 0 3 3 REFDES=C231
C 391 4 6 0
A 475 935 10 5 1 3 #=2
C 390 4 5 0
A 475 945 10 1 1 3 #=1
I 153 ML555_Production_REV01:CAP_0805 1 565 925 0 1 '
|R 20:11_11-19-03
A 615 925 10 0 3 3 PKG_TYPE=C0805
A 615 935 10 0 3 3 VALUE=DNA
A 615 945 10 0 3 3 REFDES=C228
C 391 2 6 0
A 585 935 10 5 1 3 #=2
C 390 2 5 0
A 585 945 10 1 1 3 #=1
I 183 ML555_Production_REV01:GND 1 325 715 0 1 '
|R 20:19_12-11-03
C 391 15 1 0
I 173 ML555_Production_REV01:CAP_0402 1 345 855 0 1 '
|R 21:36_5-24-04
A 395 855 10 0 3 3 PKG_TYPE=C0402
A 395 865 10 0 3 3 VALUE=DNA
A 395 875 10 0 3 3 REFDES=C75
C 391 23 6 0
A 365 865 10 5 1 3 #=2
C 390 22 5 0
A 365 875 10 1 1 3 #=1
I 164 ML555_Production_REV01:CAP_0402 1 455 855 0 1 '
|R 21:36_5-24-04
A 505 855 10 0 3 3 PKG_TYPE=C0402
A 505 865 10 0 3 3 VALUE=DNA
A 505 875 10 0 3 3 REFDES=C127
C 391 17 6 0
A 475 865 10 5 1 3 #=2
C 390 20 5 0
A 475 875 10 1 1 3 #=1
I 168 ML555_Production_REV01:CAP_0402 1 565 855 0 1 '
|R 21:36_5-24-04
A 615 855 10 0 3 3 PKG_TYPE=C0402
A 615 865 10 0 3 3 VALUE=DNA
A 615 875 10 0 3 3 REFDES=C129
C 391 20 6 0
A 585 865 10 5 1 3 #=2
C 390 18 5 0
A 585 875 10 1 1 3 #=1
I 169 ML555_Production_REV01:CAP_0402 1 675 855 0 1 '
|R 21:36_5-24-04
A 725 865 10 0 3 3 VALUE=DNA
A 725 875 10 0 3 3 REFDES=C130
C 391 18 6 0
A 695 865 10 5 1 3 #=2
C 390 16 5 0
A 695 875 10 1 1 3 #=1
I 398 ML555_Production_REV01:CAP_0402 1 345 785 0 1 '
|R 21:36_5-24-04
A 395 785 10 0 3 3 PKG_TYPE=C0402
A 395 795 10 0 3 3 VALUE=DNA
A 395 805 10 0 3 3 REFDES=C175
C 391 7 6 0
A 365 795 10 5 1 3 #=2
C 390 7 5 0
A 365 805 10 1 1 3 #=1
I 399 ML555_Production_REV01:CAP_0402 1 455 785 0 1 '
|R 21:36_5-24-04
A 505 785 10 0 3 3 PKG_TYPE=C0402
A 505 795 10 0 3 3 VALUE=DNA
A 505 805 10 0 3 3 REFDES=C176
C 391 12 6 0
A 475 795 10 5 1 3 #=2
C 390 8 5 0
A 475 805 10 1 1 3 #=1
I 400 ML555_Production_REV01:CAP_0402 1 565 785 0 1 '
|R 21:36_5-24-04
A 615 785 10 0 3 3 PKG_TYPE=C0402
A 615 795 10 0 3 3 VALUE=DNA
A 615 805 10 0 3 3 REFDES=C174
C 391 10 6 0
A 585 795 10 5 1 3 #=2
C 390 9 5 0
A 585 805 10 1 1 3 #=1
I 401 ML555_Production_REV01:CAP_0402 1 675 785 0 1 '
|R 21:36_5-24-04
A 725 795 10 0 3 3 VALUE=DNA
A 725 805 10 0 3 3 REFDES=C170
C 391 8 6 0
A 695 795 10 5 1 3 #=2
C 390 10 5 0
A 695 805 10 1 1 3 #=1
I 431 ML555_Production_REV01:CAPT_B_3528 1 570 1470 0 1 '
|R 17:56_11-10-03
A 595 1485 10 0 3 3 VALUE=DNA
A 595 1495 10 0 3 3 REFDES=C101
C 382 2 4 0
A 565 1495 10 0 3 3 #=1
C 383 2 3 0
A 565 1470 10 0 3 3 #=2
T 1040 605 28 0 3 Reference Sheet 1, Note 4:
T 1040 565 28 0 3 PCIe CEM Spec, Pg. 56 footnotes:
T 1040 505 36 0 3 MGTs X0Y0,X0Y1,X0Y2,X0Y3 PCIe
T 1040 455 36 0 3 8-Lane Edge Connector I/F
T 120 225 34 0 3 Decoupling Caps for:
T 120 285 34 0 3 Decoupling CAPS Page 2:
T 120 155 34 0 3 2.5V Regulator Vcco
T 120 95 34 0 3 2.5V Regulator Vccaux
T 375 1170 34 0 3 2.5V Regulator Vcco
T 380 1545 34 0 3 2.5V Regulator Vccaux
T 650 1485 20 0 3 6V Kemet T520V336M006ATE040
Q 5 5 0
T 1080 1100 20 0 3 6.0V Kemet T520B476M006ATE070
Q 5 5 0
T 1075 1020 20 0 3 Additional LX110T decoupling
Q 5 5 0
T 1075 995 20 0 3 deleted, not enough room on ML555
Q 5 5 0
E
