V 51
K 234318506700 ml555_pcie
Y 0
D 0 0 2200 1700
Z 2
i 513
N 487
J 840 305 2
J 840 285 2
S 2 1
N 489
J 740 305 2
J 740 285 2
S 2 1
I 488 sk_lvds_lib:GND 1 830 265 0 1 '
|R 20:19_12-11-03
C 487 2 1 0
I 490 sk_lvds_lib:GND 1 730 265 0 1 '
|R 20:19_12-11-03
C 489 2 1 0
N 483
J 210 325 2
J 210 305 2
S 2 1
I 484 sk_lvds_lib:GND 1 200 285 0 1 '
|R 20:19_12-11-03
C 483 2 1 0
N 475
J 850 785 2
J 850 765 2
S 2 1
N 477
J 750 785 2
J 750 765 2
S 2 1
I 476 sk_lvds_lib:GND 1 840 745 0 1 '
|R 20:19_12-11-03
C 475 2 1 0
I 478 sk_lvds_lib:GND 1 740 745 0 1 '
|R 20:19_12-11-03
C 477 2 1 0
N 471
J 220 805 2
J 220 785 2
S 2 1
I 472 sk_lvds_lib:GND 1 210 765 0 1 '
|R 20:19_12-11-03
C 471 2 1 0
N 328
J 390 1420 3
J 390 1410 3
J 450 1410 2
J 340 1420 5
J 340 1410 2
J 360 1540 2
J 340 1540 5
J 340 1570 3
J 570 1570 5
J 570 1460 2
J 600 1570 2
S 4 1
S 2 1
S 2 3
S 5 4
S 4 7
S 9 11
S 7 6
S 7 8
S 10 9
S 8 9
N 459
J 1190 460 2
J 1190 370 3
J 1090 370 2
S 2 1
S 3 2
N 453
J 1185 940 2
J 1185 850 3
J 1100 850 2
S 2 1
S 3 2
N 387
J 380 420 3
J 380 430 3
J 330 430 5
J 330 420 2
J 590 580 2
J 560 470 2
J 560 580 5
J 330 580 3
J 330 550 5
J 350 550 2
J 440 420 2
S 1 11
S 1 2
S 3 2
S 4 3
S 3 9
S 7 5
S 6 7
S 8 7
S 9 8
S 9 10
I 403 ML555_Production_REV01:VCC3V3 1 200 440 0 1 '
|R 1:54_12-11-01
C 401 20 2 0
N 362
J 390 900 3
J 390 910 3
J 340 910 5
J 340 900 2
J 600 1060 2
J 570 950 2
J 570 1060 5
J 340 1060 3
J 340 1030 5
J 360 1030 2
J 450 900 2
S 1 11
S 1 2
S 3 2
S 4 3
S 3 9
S 7 5
S 6 7
S 8 7
S 9 8
S 9 10
I 378 ML555_Production_REV01:VCC3V3 1 210 920 0 1 '
|R 1:54_12-11-01
C 376 20 2 0
N 288
J 850 1295 2
J 850 1275 2
S 2 1
N 292
J 750 1295 2
J 750 1275 2
S 2 1
I 290 sk_lvds_lib:GND 1 840 1255 0 1 '
|R 20:19_12-11-03
C 288 2 1 0
N 284
J 325 1295 2
J 325 1315 2
S 1 2
I 286 sk_lvds_lib:GND 1 315 1275 0 1 '
|R 20:19_12-11-03
C 284 1 1 0
N 280
J 225 1295 2
J 225 1315 2
S 1 2
I 282 sk_lvds_lib:GND 1 215 1275 0 1 '
|R 20:19_12-11-03
C 280 1 1 0
I 1 ML555_Production_REV01:CSHEET 1 0 0 0 1 '
|R 15:48_8-9-04
A 1827 128 28 0 6 0 @NAME=ML555_PCIE
A 1332 54 10 0 3 3 AUTHOR=DAVID NAYLOR
A 1652 52 10 0 3 3 @SHEET=31
A 1872 52 15 0 3 3 @DATETIME=9-6-2006_11:46
A 1702 52 10 0 3 3 @SHEETTOTAL=37
I 294 sk_lvds_lib:GND 1 740 1255 0 1 '
|R 20:19_12-11-03
C 292 2 1 0
I 336 ML555_Production_REV01:VCC3V3 1 215 1430 0 1 '
|R 1:54_12-11-01
C 281 2 2 0
I 323 ML555_Production_REV01:R0805 1 700 1420 1 1 '
|R 23:52_11-18-03
A 690 1440 10 1 2 3 VALUE=1.40K
A 670 1440 10 1 2 3 REFDES=R374
C 324 3 2 0
A 679 1480 10 1 3 3 #=2
C 289 12 1 0
A 679 1434 10 1 9 3 #=1
I 332 ML555_Production_REV01:R0805 1 600 1550 0 1 '
|R 23:52_11-18-03
A 620 1560 10 0 2 3 VALUE=1.0K
A 620 1580 10 0 2 3 REFDES=R380
C 324 2 2 0
A 660 1571 10 0 3 3 #=2
C 328 11 1 0
A 614 1571 10 0 9 3 #=1
I 375 ML555_Production_REV01:R0805 1 600 1040 0 1 '
|R 23:52_11-18-03
A 620 1050 10 0 2 3 VALUE=1.0K
A 620 1070 10 0 2 3 REFDES=R382
C 361 1 2 0
A 660 1061 10 0 3 3 #=2
C 362 5 1 0
A 614 1061 10 0 9 3 #=1
I 384 ML555_Production_REV01:R0805 1 700 910 1 1 '
|R 23:52_11-18-03
A 690 930 10 1 2 3 VALUE=1.40K
A 670 930 10 1 2 3 REFDES=R383
C 361 2 2 0
A 679 970 10 1 3 3 #=2
C 377 12 1 0
A 679 924 10 1 9 3 #=1
I 400 ML555_Production_REV01:R0805 1 590 560 0 1 '
|R 23:52_11-18-03
A 610 570 10 0 2 3 VALUE=1.0K
A 610 590 10 0 2 3 REFDES=R385
C 386 1 2 0
A 650 581 10 0 3 3 #=2
C 387 5 1 0
A 604 581 10 0 9 3 #=1
I 409 ML555_Production_REV01:R0805 1 690 430 1 1 '
|R 23:52_11-18-03
A 680 450 10 1 2 3 VALUE=1.0K
A 660 450 10 1 2 3 REFDES=R386
C 386 2 2 0
A 669 490 10 1 3 3 #=2
C 402 12 1 0
A 669 444 10 1 9 3 #=1
I 425 ML555_Production_REV01:HDR_1X2H 1 360 1530 0 1 '
|R 17:53_11-14-05
A 380 1555 10 0 2 3 REFDES=P34
C 319 5 39 0
A 410 1540 10 0 3 3 #=1
C 328 6 151 0
A 375 1550 10 2 3 3 #=2
I 426 ML555_Production_REV01:HDR_1X2H 1 360 1020 0 1 '
|R 17:53_11-14-05
A 380 1045 10 0 2 3 REFDES=P35
C 372 1 39 0
A 410 1030 10 0 3 3 #=1
C 362 10 151 0
A 375 1040 10 2 3 3 #=2
I 427 ML555_Production_REV01:HDR_1X2H 1 350 540 0 1 '
|R 17:53_11-14-05
A 370 565 10 0 2 3 REFDES=P36
C 397 1 39 0
A 400 550 10 0 3 3 #=1
C 387 10 151 0
A 365 560 10 2 3 3 #=2
I 429 ML555_Production_REV01:R0402 1 460 1430 1 1 '
|R 17:16_9-9-04
A 450 1450 10 1 2 3 VALUE=4.7K
A 430 1460 10 1 5 3 REFDES=R373
C 319 1 2 0
A 439 1490 10 1 3 3 #=2
C 281 5 1 0
A 439 1444 10 1 9 3 #=1
I 430 ML555_Production_REV01:R0402 1 460 920 1 1 '
|R 17:16_9-9-04
A 450 940 10 1 2 3 VALUE=4.7K
A 430 950 10 1 5 3 REFDES=R381
C 372 5 2 0
A 439 980 10 1 3 3 #=2
C 376 3 1 0
A 439 934 10 1 9 3 #=1
I 431 ML555_Production_REV01:R0402 1 450 440 1 1 '
|R 17:16_9-9-04
A 440 460 10 1 2 3 VALUE=4.7K
A 420 470 10 1 5 3 REFDES=R384
C 397 5 2 0
A 429 500 10 1 3 3 #=2
C 401 3 1 0
A 429 454 10 1 9 3 #=1
N 441
J 1150 1485 2
J 1150 1360 3
J 1100 1360 2
S 2 1
S 3 2
N 289
J 920 1360 2
J 750 1325 2
J 660 1340 2
J 660 1320 2
J 590 1250 2
J 570 1250 2
J 570 1220 3
J 590 1220 5
J 710 1220 3
J 710 1320 5
J 710 1340 5
J 680 1420 2
J 660 1360 2
J 680 1360 5
J 710 1360 5
J 750 1360 5
J 850 1360 5
J 850 1325 2
S 2 16
S 3 11
S 4 10
S 8 5
S 7 6
S 7 8
S 8 9
S 9 10
S 10 11
S 11 15
S 14 12
S 13 14
S 14 15
S 15 16
S 18 17
S 17 1
S 16 17
L 770 1360 10 0 3 0 1 0 VR5_1V2
N 377
J 920 850 2
J 750 815 2
J 660 830 2
J 660 810 2
J 590 740 2
J 570 740 2
J 570 710 3
J 590 710 5
J 710 710 3
J 710 810 5
J 710 830 5
J 680 910 2
J 660 850 2
J 680 850 5
J 710 850 5
J 750 850 5
J 850 815 2
J 850 850 5
S 18 1
S 2 16
S 3 11
S 4 10
S 8 5
S 7 6
S 7 8
S 8 9
S 9 10
S 10 11
S 11 15
S 14 12
S 13 14
S 14 15
S 15 16
S 17 18
S 16 18
L 760 850 10 0 3 0 1 0 VR6_1V2
N 402
J 910 370 2
J 740 335 2
J 650 350 2
J 650 330 2
J 580 260 2
J 560 260 2
J 560 230 3
J 580 230 5
J 700 230 3
J 700 330 5
J 700 350 5
J 670 430 2
J 650 370 2
J 670 370 5
J 700 370 5
J 740 370 5
J 840 335 2
J 840 370 5
S 18 1
S 2 16
S 3 11
S 4 10
S 8 5
S 7 6
S 7 8
S 8 9
S 9 10
S 10 11
S 11 15
S 14 12
S 13 14
S 14 15
S 15 16
S 17 18
S 16 18
L 750 370 10 0 3 0 1 0 VR7_1V0
N 319
J 440 1500 2
J 440 1540 5
J 530 1460 2
J 530 1540 3
J 420 1540 2
S 5 2
S 1 2
S 3 4
S 2 4
L 450 1540 10 0 3 0 1 0 VR5_EN
N 324
J 680 1570 3
J 670 1570 2
J 680 1490 2
J 680 1520 5
J 590 1520 3
J 590 1460 2
S 2 1
S 4 1
S 3 4
S 6 5
S 5 4
L 600 1520 10 0 3 0 1 0 VR5_FB
N 372
J 420 1030 2
J 530 950 2
J 530 1030 3
J 440 1030 5
J 440 990 2
S 1 4
S 2 3
S 5 4
S 4 3
L 450 1030 10 0 3 0 1 0 VR6_EN
N 361
J 670 1060 2
J 680 980 2
J 590 950 2
J 590 1010 3
J 680 1010 5
J 680 1060 3
S 1 6
S 2 5
S 3 4
S 5 6
S 4 5
L 600 1010 10 0 3 0 1 0 VR6_FB
N 397
J 410 550 2
J 520 470 2
J 520 550 3
J 430 550 5
J 430 510 2
S 1 4
S 2 3
S 5 4
S 4 3
L 440 550 10 0 3 0 1 0 VR7_EN
N 386
J 660 580 2
J 670 500 2
J 580 470 2
J 580 530 3
J 670 530 5
J 670 580 3
S 1 6
S 2 5
S 3 4
S 5 6
S 4 5
L 590 530 10 0 3 0 1 0 VR7_FB
I 309 sk_lvds_lib:GND 1 330 1390 0 1 '
|R 20:19_12-11-03
C 328 5 1 0
I 373 sk_lvds_lib:GND 1 330 880 0 1 '
|R 20:19_12-11-03
C 362 4 1 0
I 398 sk_lvds_lib:GND 1 320 400 0 1 '
|R 20:19_12-11-03
C 387 4 1 0
I 465 ML555_Production_REV01:CAP_0805_TY 1 205 1315 0 1 '
|R 16:36_5-26-06
A 255 1325 10 0 3 3 VALUE=10UF
A 255 1335 10 0 3 3 REFDES=C399
C 280 2 6 0
A 225 1325 10 5 1 3 #=2
C 281 3 5 0
A 225 1335 10 1 1 3 #=1
I 466 ML555_Production_REV01:CAP_0805_TY 1 305 1315 0 1 '
|R 16:36_5-26-06
A 355 1325 10 0 3 3 VALUE=10UF
A 355 1335 10 0 3 3 REFDES=C400
C 284 2 6 0
A 325 1325 10 5 1 3 #=2
C 281 20 5 0
A 325 1335 10 1 1 3 #=1
I 467 ML555_Production_REV01:CAP_0805_TY 1 730 1295 0 1 '
|R 16:36_5-26-06
A 780 1305 10 0 3 3 VALUE=10UF
A 780 1315 10 0 3 3 REFDES=C401
C 292 1 6 0
A 750 1305 10 5 1 3 #=2
C 289 2 5 0
A 750 1315 10 1 1 3 #=1
I 468 ML555_Production_REV01:CAP_0805_TY 1 830 1295 0 1 '
|R 16:36_5-26-06
A 880 1305 10 0 3 3 VALUE=10UF
A 880 1315 10 0 3 3 REFDES=C402
C 288 1 6 0
A 850 1305 10 5 1 3 #=2
C 289 18 5 0
A 850 1315 10 1 1 3 #=1
N 281
J 325 1380 5
J 225 1430 2
J 225 1345 2
J 225 1380 5
J 440 1430 2
J 450 1380 2
J 440 1380 5
J 550 1250 2
J 550 1220 3
J 530 1250 2
J 530 1220 5
J 410 1220 3
J 450 1320 2
J 410 1320 5
J 450 1340 2
J 410 1340 5
J 450 1360 2
J 410 1360 5
J 410 1380 5
J 325 1345 2
S 7 5
S 7 6
S 19 7
S 9 8
S 11 9
S 11 10
S 12 11
S 12 14
S 14 13
S 14 16
S 16 15
S 16 18
S 18 17
S 18 19
S 1 19
S 20 1
S 4 1
S 4 2
S 3 4
N 376
J 320 870 5
J 220 835 2
J 440 920 2
J 450 870 2
J 440 870 5
J 550 740 2
J 550 710 3
J 530 740 2
J 530 710 5
J 410 710 3
J 450 810 2
J 410 810 5
J 450 830 2
J 410 830 5
J 450 850 2
J 410 850 5
J 410 870 5
J 320 835 2
J 220 870 5
J 220 920 2
S 5 3
S 5 4
S 17 5
S 7 6
S 9 7
S 9 8
S 10 9
S 10 12
S 12 11
S 12 14
S 14 13
S 14 16
S 16 15
S 16 17
S 1 17
S 18 1
S 19 1
S 2 19
S 19 20
N 469
J 320 805 2
J 320 785 2
S 2 1
I 470 sk_lvds_lib:GND 1 310 765 0 1 '
|R 20:19_12-11-03
C 469 2 1 0
I 473 ML555_Production_REV01:CAP_0805_TY 1 200 805 0 1 '
|R 16:36_5-26-06
A 250 815 10 0 3 3 VALUE=10UF
A 250 825 10 0 3 3 REFDES=C410
C 471 1 6 0
A 220 815 10 5 1 3 #=2
C 376 2 5 0
A 220 825 10 1 1 3 #=1
I 474 ML555_Production_REV01:CAP_0805_TY 1 300 805 0 1 '
|R 16:36_5-26-06
A 350 815 10 0 3 3 VALUE=10UF
A 350 825 10 0 3 3 REFDES=C411
C 469 1 6 0
A 320 815 10 5 1 3 #=2
C 376 18 5 0
A 320 825 10 1 1 3 #=1
I 479 ML555_Production_REV01:CAP_0805_TY 1 730 785 0 1 '
|R 16:36_5-26-06
A 780 795 10 0 3 3 VALUE=10UF
A 780 805 10 0 3 3 REFDES=C412
C 477 1 6 0
A 750 795 10 5 1 3 #=2
C 377 2 5 0
A 750 805 10 1 1 3 #=1
I 480 ML555_Production_REV01:CAP_0805_TY 1 830 785 0 1 '
|R 16:36_5-26-06
A 880 795 10 0 3 3 VALUE=10UF
A 880 805 10 0 3 3 REFDES=C413
C 475 1 6 0
A 850 795 10 5 1 3 #=2
C 377 17 5 0
A 850 805 10 1 1 3 #=1
I 485 ML555_Production_REV01:CAP_0805_TY 1 190 325 0 1 '
|R 16:36_5-26-06
A 240 335 10 0 3 3 VALUE=10UF
A 240 345 10 0 3 3 REFDES=C414
C 483 1 6 0
A 210 335 10 5 1 3 #=2
C 401 2 5 0
A 210 345 10 1 1 3 #=1
I 491 ML555_Production_REV01:CAP_0805_TY 1 720 305 0 1 '
|R 16:36_5-26-06
A 770 315 10 0 3 3 VALUE=10UF
A 770 325 10 0 3 3 REFDES=C416
C 489 1 6 0
A 740 315 10 5 1 3 #=2
C 402 2 5 0
A 740 325 10 1 1 3 #=1
I 492 ML555_Production_REV01:CAP_0805_TY 1 820 305 0 1 '
|R 16:36_5-26-06
A 870 315 10 0 3 3 VALUE=10UF
A 870 325 10 0 3 3 REFDES=C417
C 487 1 6 0
A 840 315 10 5 1 3 #=2
C 402 17 5 0
A 840 325 10 1 1 3 #=1
N 401
J 310 390 5
J 210 355 2
J 430 440 2
J 440 390 2
J 430 390 5
J 540 260 2
J 540 230 3
J 520 260 2
J 520 230 5
J 400 230 3
J 440 330 2
J 400 330 5
J 440 350 2
J 400 350 5
J 440 370 2
J 400 370 5
J 400 390 5
J 310 355 2
J 210 390 5
J 210 440 2
S 5 3
S 5 4
S 17 5
S 7 6
S 9 7
S 9 8
S 10 9
S 10 12
S 12 11
S 12 14
S 14 13
S 14 16
S 16 15
S 16 17
S 1 17
S 18 1
S 19 1
S 2 19
S 19 20
I 486 ML555_Production_REV01:CAP_0805_TY 1 290 325 0 1 '
|R 16:36_5-26-06
A 340 335 10 0 3 3 VALUE=10UF
A 340 345 10 0 3 3 REFDES=C415
C 481 1 6 0
A 310 335 10 5 1 3 #=2
C 401 18 5 0
A 310 345 10 1 1 3 #=1
N 481
J 310 325 2
J 310 305 2
S 2 1
I 482 sk_lvds_lib:GND 1 300 285 0 1 '
|R 20:19_12-11-03
C 481 2 1 0
I 496 ML555_Production_REV01:HDR_1X2H 1 1055 1440 4 1 '
|R 17:53_11-14-05
A 1035 1465 10 4 2 3 REFDES=P41
C 494 5 151 0
A 1040 1460 10 6 3 3 #=2
C 493 3 39 0
A 1005 1450 10 4 3 3 #=1
I 410 ML555_Production_REV01:AVTTX_1V2 1 1140 1485 0 1 '
|R 23:12_11-10-05
C 441 1 2 0
I 508 ML555_Production_REV01:HDR_1X2H 1 1055 930 4 1 '
|R 17:53_11-14-05
A 1035 955 10 4 2 3 REFDES=P42
C 506 5 151 0
A 1040 950 10 6 3 3 #=2
C 505 3 39 0
A 1005 940 10 4 3 3 #=1
I 411 ML555_Production_REV01:AVCCPLL_1V2 1 1175 940 0 1 '
|R 23:17_11-10-05
C 453 1 2 0
I 502 ML555_Production_REV01:HDR_1X2H 1 1045 450 4 1 '
|R 17:53_11-14-05
A 1025 475 10 4 2 3 REFDES=P43
C 500 5 151 0
A 1030 470 10 6 3 3 #=2
C 499 3 39 0
A 995 460 10 4 3 3 #=1
I 412 ML555_Production_REV01:AVCC_1V0 1 1180 460 0 1 '
|R 23:19_11-10-05
C 459 1 2 0
I 497 ML555_Production_REV01:RES_CUR_SENSE_SMT 1 920 1305 0 1 '
|R 20:09_6-7-06
A 1065 1305 10 0 3 3 VALUE=R010
A 945 1395 10 0 9 3 REFDES=R270
C 494 1 4 0
A 1030 1325 10 2 9 3 #=3
C 493 1 10 0
A 980 1395 10 2 1 3 #=2
C 441 3 2 0
A 1080 1360 10 0 3 3 #=4
C 289 1 1 0
A 940 1360 10 0 9 3 #=1
I 509 ML555_Production_REV01:RES_CUR_SENSE_SMT 1 920 795 0 1 '
|R 20:09_6-7-06
A 1065 795 10 0 3 3 VALUE=R010
A 945 885 10 0 9 3 REFDES=R271
C 506 1 4 0
A 1030 815 10 2 9 3 #=3
C 505 1 10 0
A 980 885 10 2 1 3 #=2
C 453 3 2 0
A 1080 850 10 0 3 3 #=4
C 377 1 1 0
A 940 850 10 0 9 3 #=1
I 503 ML555_Production_REV01:RES_CUR_SENSE_SMT 1 910 315 0 1 '
|R 20:09_6-7-06
A 1055 315 10 0 3 3 VALUE=R010
A 935 405 10 0 9 3 REFDES=R272
C 500 1 4 0
A 1020 335 10 2 9 3 #=3
C 499 1 10 0
A 970 405 10 2 1 3 #=2
C 459 3 2 0
A 1070 370 10 0 3 3 #=4
C 402 1 1 0
A 930 370 10 0 9 3 #=1
N 493
J 980 1415 2
J 980 1450 3
J 995 1450 2
S 2 3
S 1 2
L 860 1430 10 0 3 0 1 0 AVTTX_1V2_S+
N 494
J 1040 1305 2
J 1040 1290 3
J 1120 1290 3
J 1120 1450 3
J 1055 1450 2
S 2 3
S 3 4
S 5 4
S 2 1
L 1020 1280 10 0 3 0 1 0 AVTTX_1V2_S-
N 505
J 980 905 2
J 980 940 3
J 995 940 2
S 2 3
S 1 2
L 840 920 10 0 3 0 1 0 AVCCPLL_1V2_S+
N 506
J 1040 795 2
J 1040 780 3
J 1120 780 3
J 1120 940 3
J 1055 940 2
S 2 1
S 3 4
S 5 4
S 2 3
L 1010 770 10 0 3 0 1 0 AVCCPLL_1V2_S-
N 499
J 970 425 2
J 970 460 3
J 985 460 2
S 2 3
S 1 2
L 860 440 10 0 3 0 1 0 AVCC_1V0_S+
N 500
J 1030 315 2
J 1030 300 3
J 1110 300 3
J 1110 460 3
J 1045 460 2
S 2 1
S 3 4
S 5 4
S 2 3
L 1015 290 10 0 3 0 1 0 AVCC_1V0_S-
T 925 485 20 0 3 Current Meas. Header
Q 5 5 0
T 1470 1210 24 0 3 on same regulator
l 2 2100 1240 2100 1470
l 2 2100 1470 1190 1470
l 2 2110 1240 1190 1240
l 2 1190 1240 1190 1260
l 2 1190 1260 1190 1470
T 1250 1420 24 0 3 AVTTX 1.2V - 150mA per MGT = 1.8A
T 1250 1340 24 0 3 AVTTRX 1.2V - 100mA per MGT = 1.2A
T 1250 1260 24 0 3 VVTTRXC 1.2V - 50mA per MGT = 0.5A
T 130 90 36 0 3 Power Regulators - Sheet 3
T 1250 1480 36 0 3 5VLX50T MGT Supply#1/3
T 1260 850 24 0 3 AVCCPLL 1.2V - 150mA per MGT = 1.8A
T 1300 340 24 0 3 AVCC 1.0V - 150mA per MGT = 1.8A
T 1290 930 36 0 3 5VLX50T MGT Supply#2/3
T 1300 420 36 0 3 5VLX50T MGT Supply#3/3
T 1120 1510 20 0 3 @4A
T 1105 1535 20 0 3 1.2V
T 880 1475 20 0 3 Current Meas. Header
Q 5 5 0
T 1150 960 20 0 3 @4A
T 1140 980 20 0 3 1.2V
T 915 960 20 0 3 Current Meas. Header
Q 5 5 0
T 1145 505 20 0 3 1.0V
T 1155 485 20 0 3 @4A
T 940 1240 24 0 3 10mOhm 0.1% 3W
Q 5 5 0
T 940 735 24 0 3 10mOhm 0.1% 3W
Q 5 5 0
T 930 250 24 0 3 10mOhm 0.1% 3W
Q 5 5 0
I 511 ML555_Production_REV01:MAX8556ETE 1 450 1250 0 1 '
|R 16:21_11-18-05
A 605 1440 16 0 3 3 REFDES=VR5
C 328 3 27 0
A 450 1410 10 0 3 3 #=17
C 289 13 20 0
A 640 1360 10 0 3 3 #=11
C 289 3 19 0
A 640 1340 10 0 3 3 #=10
C 289 4 3 0
A 640 1320 10 0 3 3 #=9
C 289 5 18 0
A 590 1270 10 1 9 3 #=8
C 289 6 17 0
A 570 1270 10 1 9 3 #=7
C 281 8 16 0
A 550 1270 10 1 9 3 #=6
C 281 10 15 0
A 530 1270 10 1 9 3 #=5
C 281 13 1 0
A 470 1320 10 0 9 3 #=4
C 281 15 12 0
A 470 1340 10 0 9 3 #=3
C 281 17 13 0
A 470 1360 10 0 9 3 #=2
C 281 6 14 0
A 470 1380 10 0 9 3 #=1
X 21 0
A 640 1380 10 0 3 3 #=12
X 23 0
A 540 1440 10 1 1 3 #=15
C 328 10 24 0
A 560 1440 10 1 1 3 #=14
C 324 6 25 0
A 580 1440 10 1 1 3 #=13
C 319 3 22 0
A 520 1440 10 1 1 3 #=16
I 512 ML555_Production_REV01:MAX8556ETE 1 450 740 0 1 '
|R 16:21_11-18-05
A 605 930 16 0 3 3 REFDES=VR6
C 362 11 27 0
A 450 900 10 0 3 3 #=17
C 377 13 20 0
A 640 850 10 0 3 3 #=11
C 377 3 19 0
A 640 830 10 0 3 3 #=10
C 377 4 3 0
A 640 810 10 0 3 3 #=9
C 377 5 18 0
A 590 760 10 1 9 3 #=8
C 377 6 17 0
A 570 760 10 1 9 3 #=7
C 376 6 16 0
A 550 760 10 1 9 3 #=6
C 376 8 15 0
A 530 760 10 1 9 3 #=5
C 376 11 1 0
A 470 810 10 0 9 3 #=4
C 376 13 12 0
A 470 830 10 0 9 3 #=3
C 376 15 13 0
A 470 850 10 0 9 3 #=2
C 376 4 14 0
A 470 870 10 0 9 3 #=1
X 21 0
A 640 870 10 0 3 3 #=12
X 23 0
A 540 930 10 1 1 3 #=15
C 362 6 24 0
A 560 930 10 1 1 3 #=14
C 361 3 25 0
A 580 930 10 1 1 3 #=13
C 372 2 22 0
A 520 930 10 1 1 3 #=16
I 513 ML555_Production_REV01:MAX8556ETE 1 440 260 0 1 '
|R 16:21_11-18-05
A 595 450 16 0 3 3 REFDES=VR7
C 387 11 27 0
A 440 420 10 0 3 3 #=17
C 402 13 20 0
A 630 370 10 0 3 3 #=11
C 402 3 19 0
A 630 350 10 0 3 3 #=10
C 402 4 3 0
A 630 330 10 0 3 3 #=9
C 402 5 18 0
A 580 280 10 1 9 3 #=8
C 402 6 17 0
A 560 280 10 1 9 3 #=7
C 401 6 16 0
A 540 280 10 1 9 3 #=6
C 401 8 15 0
A 520 280 10 1 9 3 #=5
C 401 11 1 0
A 460 330 10 0 9 3 #=4
C 401 13 12 0
A 460 350 10 0 9 3 #=3
C 401 15 13 0
A 460 370 10 0 9 3 #=2
C 401 4 14 0
A 460 390 10 0 9 3 #=1
X 21 0
A 630 390 10 0 3 3 #=12
X 23 0
A 530 450 10 1 1 3 #=15
C 387 6 24 0
A 550 450 10 1 1 3 #=14
C 386 3 25 0
A 570 450 10 1 1 3 #=13
C 397 2 22 0
A 510 450 10 1 1 3 #=16
E
